Iteration	Loss (h + target_loss)	Total Cost (f)	Cost g
1	1.1446959972381592	1.1346959972381592	0
2	0.8973215222358704	0.8884662182331086	0.0011446959972381593
3	0.6069439649581909	0.5992333569526672	0.0022893919944763186
4	0.5545156598091125	0.5479497478008271	0.0034340879917144776
5	0.5383633375167847	0.5329421215057373	0.004578783988952637
6	0.5100613236427307	0.5057848036289215	0.005723479986190797
7	0.5010436177253723	0.4979117937088013	0.006868175983428956
8	0.4791736304759979	0.47718650245666505	0.008012871980667115
9	0.46819424629211426	0.46735181427001954	0.009157567977905274
10	0.4608096182346344	0.46111188220977783	0.010302263975143434
11	0.4577098488807678	0.4591568088531494	0.011446959972381593
12	0.4524417221546173	0.45503337812423705	0.012591655969619753
13	0.44579604268074036	0.44953239464759825	0.013736351966857912
14	0.44404178857803345	0.4489228365421295	0.014881047964096072
15	0.44202661514282227	0.4480523591041565	0.01602574396133423
16	0.4401514232158661	0.44732186317443845	0.017170439958572387
17	0.4393928349018097	0.4477079708576202	0.018315135955810545
18	0.43979179859161377	0.4481069345474243	0.018315135955810545
19	0.43992695212364197	0.4482420880794525	0.018315135955810545
20	0.43793755769729614	0.4473973896503448	0.019459831953048703
21	0.4374484121799469	0.4480529401302338	0.02060452795028686
22	0.43882036209106445	0.4482801940441131	0.019459831953048703
23	0.4376811683177948	0.4482856962680817	0.02060452795028686
24	0.4400162398815155	0.448331375837326	0.018315135955810545
25	0.4400255084037781	0.4483406443595886	0.018315135955810545
26	0.44003409147262573	0.44834922742843625	0.018315135955810545
27	0.44005200266838074	0.44836713862419125	0.018315135955810545
28	0.44007444381713867	0.4483895797729492	0.018315135955810545
29	0.4401077330112457	0.44842286896705624	0.018315135955810545
30	0.44012802839279175	0.44844316434860226	0.018315135955810545
31	0.43784183263778687	0.44844636058807374	0.02060452795028686
32	0.441278338432312	0.4484487783908844	0.017170439958572387
33	0.4401378035545349	0.4484529395103454	0.018315135955810545
34	0.44014403223991394	0.44845916819572446	0.018315135955810545
35	0.4401455521583557	0.44846068811416623	0.018315135955810545
36	0.4401487708091736	0.4484639067649841	0.018315135955810545
37	0.44015124440193176	0.4484663803577423	0.018315135955810545
38	0.4401514232158661	0.4484665591716766	0.018315135955810545
39	0.4401514232158661	0.4484665591716766	0.018315135955810545
40	0.43786323070526123	0.4484677586555481	0.02060452795028686
41	0.4401529133319855	0.448468049287796	0.018315135955810545
42	0.44015374779701233	0.44846888375282284	0.018315135955810545
43	0.44015738368034363	0.44847251963615414	0.018315135955810545
44	0.437873899936676	0.4484784278869629	0.02060452795028686
45	0.44016528129577637	0.4484804172515869	0.018315135955810545
46	0.43787944316864014	0.448483971118927	0.02060452795028686
47	0.4378807544708252	0.4484852824211121	0.02060452795028686
48	0.4378845989704132	0.4484891269207001	0.02060452795028686
49	0.44017478823661804	0.44848992419242856	0.018315135955810545
50	0.4379581809043884	0.4474180128574371	0.019459831953048703
51	0.4377327263355255	0.4483372542858124	0.02060452795028686
52	0.4377606511116028	0.44836517906188966	0.02060452795028686
53	0.43782421946525574	0.4484287474155426	0.02060452795028686
54	0.4378557503223419	0.4484602782726288	0.02060452795028686
55	0.437863826751709	0.44846835470199586	0.02060452795028686
56	0.43787452578544617	0.44847905373573305	0.02060452795028686
57	0.4401754140853882	0.4484905500411987	0.018315135955810545
58	0.43788817524909973	0.4484927031993866	0.02060452795028686
59	0.43788883090019226	0.44849335885047914	0.02060452795028686
60	0.43903395533561707	0.44849378728866574	0.019459831953048703
61	0.4390377700328827	0.44849760198593136	0.019459831953048703
62	0.4378930926322937	0.4484976205825806	0.02060452795028686
63	0.4401904344558716	0.4485055704116821	0.018315135955810545
64	0.4379013180732727	0.4485058460235596	0.02060452795028686
65	0.43790993094444275	0.44851445889472963	0.02060452795028686
66	0.43906739354133606	0.44852722549438473	0.019459831953048703
67	0.43793007731437683	0.4485346052646637	0.02060452795028686
68	0.4379305839538574	0.4485351119041443	0.02060452795028686
69	0.4379306435585022	0.4485351715087891	0.02060452795028686
70	0.4379337430000305	0.4485382709503174	0.02060452795028686
71	0.4379372298717499	0.44854175782203676	0.02060452795028686
72	0.43793755769729614	0.448542085647583	0.02060452795028686
73	0.43793755769729614	0.448542085647583	0.02060452795028686
74	0.43793949484825134	0.4485440227985382	0.02060452795028686
75	0.4379408061504364	0.4485453341007233	0.02060452795028686
76	0.43794459104537964	0.4485491189956665	0.02060452795028686
77	0.43909111618995667	0.44855094814300533	0.019459831953048703
78	0.44023627042770386	0.4485514063835144	0.018315135955810545
79	0.43795034289360046	0.44855487084388734	0.02060452795028686
80	0.437950998544693	0.4485555264949799	0.02060452795028686
81	0.4379511773586273	0.4485557053089142	0.02060452795028686
82	0.4379515051841736	0.44855603313446046	0.02060452795028686
83	0.437954306602478	0.4485588345527649	0.02060452795028686
84	0.4379577934741974	0.44856232142448427	0.02060452795028686
85	0.4379581809043884	0.4485627088546753	0.02060452795028686
86	0.4379581809043884	0.4485627088546753	0.02060452795028686
87	0.43796008825302124	0.4485646162033081	0.02060452795028686
88	0.4379613995552063	0.4485659275054932	0.02060452795028686
89	0.43796515464782715	0.44856968259811403	0.02060452795028686
90	0.4379657208919525	0.4485702488422394	0.02060452795028686
91	0.4379706382751465	0.44857516622543336	0.02060452795028686
92	0.4402666389942169	0.44858177495002743	0.018315135955810545
93	0.43798425793647766	0.44858878588676454	0.02060452795028686
94	0.4379862844944	0.4485908124446869	0.02060452795028686
95	0.44142210483551025	0.4485925447940826	0.017170439958572387
96	0.43913501501083374	0.4485948469638824	0.019459831953048703
97	0.44028240442276	0.4485975403785705	0.018315135955810545
98	0.43799924850463867	0.44860377645492555	0.02060452795028686
99	0.43800482153892517	0.44860934948921205	0.02060452795028686
100	0.43915873765945435	0.448618569612503	0.019459831953048703
101	0.4380173087120056	0.4486218366622925	0.02060452795028686
102	0.44146421551704407	0.44863465547561643	0.017170439958572387
103	0.44146695733070374	0.4486373972892761	0.017170439958572387
104	0.43804022669792175	0.44864475464820863	0.02060452795028686
105	0.43805256485939026	0.44865709280967714	0.02060452795028686
106	0.4380578100681305	0.4486623380184174	0.02060452795028686
107	0.4403506815433502	0.44866581749916074	0.018315135955810545
108	0.44037219882011414	0.44868733477592465	0.018315135955810545
109	0.4392474293708801	0.4487072613239288	0.019459831953048703
110	0.44040197134017944	0.44871710729598996	0.018315135955810545
111	0.43876808881759644	0.4482279207706451	0.019459831953048703
112	0.4380612075328827	0.44866573548316957	0.02060452795028686
113	0.43812787532806396	0.44873240327835084	0.02060452795028686
114	0.4392757713794708	0.4487356033325195	0.019459831953048703
115	0.4392887055873871	0.44874853754043575	0.019459831953048703
116	0.44043853878974915	0.44875367474555966	0.018315135955810545
117	0.43815144896507263	0.4487559769153595	0.02060452795028686
118	0.43929797410964966	0.44875780606269833	0.019459831953048703
119	0.4393065571784973	0.448766389131546	0.019459831953048703
120	0.44047337770462036	0.4487885136604309	0.018315135955810545
121	0.4388294517993927	0.44828928375244137	0.019459831953048703
122	0.4381079077720642	0.4487124357223511	0.02060452795028686
123	0.43818768858909607	0.44879221653938295	0.02060452795028686
124	0.439333438873291	0.4487932708263397	0.019459831953048703
125	0.43819084763526917	0.44879537558555604	0.02060452795028686
126	0.4381961524486542	0.44880068039894105	0.02060452795028686
127	0.4393423795700073	0.448802211523056	0.019459831953048703
128	0.4404914081096649	0.44880654406547543	0.018315135955810545
129	0.43934911489486694	0.4488089468479156	0.019459831953048703
130	0.4382151663303375	0.4488196942806244	0.02060452795028686
131	0.4382200837135315	0.4488246116638184	0.02060452795028686
132	0.43936944007873535	0.448829272031784	0.019459831953048703
133	0.4382319450378418	0.4488364729881287	0.02060452795028686
134	0.43938401341438293	0.4488438453674316	0.019459831953048703
135	0.43938690423965454	0.4488467361927032	0.019459831953048703
136	0.43938785791397095	0.4488476898670196	0.019459831953048703
137	0.4416787028312683	0.44884914278984067	0.017170439958572387
138	0.44282397627830505	0.44884972023963926	0.01602574396133423
139	0.4407665431499481	0.4479369831085205	0.017170439958572387
140	0.4403422176837921	0.44865735363960263	0.018315135955810545
141	0.44039759039878845	0.44871272635459897	0.018315135955810545
142	0.4385779798030853	0.448037811756134	0.019459831953048703
143	0.43818438053131104	0.4487889084815979	0.02060452795028686
144	0.44048216938972473	0.44879730534553525	0.018315135955810545
145	0.4404866397380829	0.4488017756938934	0.018315135955810545
146	0.4386553466320038	0.44811517858505245	0.019459831953048703
147	0.4405237138271332	0.4488388497829437	0.018315135955810545
148	0.4382435083389282	0.4488480362892151	0.02060452795028686
149	0.4393901526927948	0.44884998464584347	0.019459831953048703
150	0.4393925964832306	0.44885242843627926	0.019459831953048703
151	0.4393928349018097	0.44885266685485836	0.019459831953048703
152	0.4393928349018097	0.44885266685485836	0.019459831953048703
153	0.4393942952156067	0.44885412716865536	0.019459831953048703
154	0.43939512968063354	0.4488549616336822	0.019459831953048703
155	0.43939879536628723	0.4488586273193359	0.019459831953048703
156	0.4394085109233856	0.4488683428764343	0.019459831953048703
157	0.4405539035797119	0.44886903953552243	0.018315135955810545
158	0.4382648169994354	0.4488693449497223	0.02060452795028686
159	0.4382660388946533	0.4488705668449402	0.02060452795028686
160	0.44056007266044617	0.4488752086162567	0.018315135955810545
161	0.4394167959690094	0.44887662792205807	0.019459831953048703
162	0.43713074922561646	0.4488799731731415	0.02174922394752502
163	0.4394318461418152	0.44889167809486386	0.019459831953048703
164	0.4382995367050171	0.44890406465530397	0.02060452795028686
165	0.44060635566711426	0.4489214916229248	0.018315135955810545
166	0.43832293152809143	0.4489274594783783	0.02060452795028686
167	0.44061562418937683	0.44893076014518735	0.018315135955810545
168	0.43832626938819885	0.44893079733848573	0.02060452795028686
169	0.4394718110561371	0.44893164300918575	0.019459831953048703
170	0.4406242072582245	0.448939343214035	0.018315135955810545
171	0.43947985768318176	0.44893968963623043	0.019459831953048703
172	0.4394823908805847	0.4489422228336334	0.019459831953048703
173	0.4406314790248871	0.4489466149806976	0.018315135955810545
174	0.43949201703071594	0.4489518489837646	0.019459831953048703
175	0.43834760785102844	0.4489521358013153	0.02060452795028686
176	0.4372180998325348	0.4489673237800598	0.02174922394752502
177	0.44067248702049255	0.44898762297630307	0.018315135955810545
178	0.44296684861183167	0.44899259257316587	0.01602574396133423
179	0.4384100139141083	0.44901454186439516	0.02060452795028686
180	0.44184842705726624	0.4490188670158386	0.017170439958572387
181	0.43955907225608826	0.4490189042091369	0.019459831953048703
182	0.4384191036224365	0.4490236315727234	0.02060452795028686
183	0.43956390023231506	0.44902373218536373	0.019459831953048703
184	0.44185617566108704	0.4490266156196594	0.017170439958572387
185	0.44185858964920044	0.4490290296077728	0.017170439958572387
186	0.4407173693180084	0.44903250527381894	0.018315135955810545
187	0.44071856141090393	0.44903369736671445	0.018315135955810545
188	0.4372876286506653	0.4490368525981903	0.02174922394752502
189	0.44072285294532776	0.4490379889011383	0.018315135955810545
190	0.4384380877017975	0.44904261565208436	0.02060452795028686
191	0.439584344625473	0.4490441765785217	0.019459831953048703
192	0.4373035132884979	0.44905273723602296	0.02174922394752502
193	0.4407431483268738	0.4490582842826843	0.018315135955810545
194	0.44303303956985474	0.44905878353118894	0.01602574396133423
195	0.4415110945701599	0.4486815345287323	0.017170439958572387
196	0.44050100445747375	0.44881614041328427	0.018315135955810545
197	0.4384584426879883	0.44906297063827516	0.02060452795028686
198	0.43846219778060913	0.449066725730896	0.02060452795028686
199	0.43960830569267273	0.4490681376457214	0.019459831953048703
200	0.43846774101257324	0.4490722689628601	0.02060452795028686
201	0.4384690821170807	0.44907361006736757	0.02060452795028686
202	0.4407590329647064	0.44907416892051694	0.018315135955810545
203	0.44076061248779297	0.4490757484436035	0.018315135955810545
204	0.4407631754875183	0.4490783114433288	0.018315135955810545
205	0.4407638609409332	0.44907899689674374	0.018315135955810545
206	0.4407663345336914	0.4490814704895019	0.018315135955810545
207	0.4407665431499481	0.44908167910575864	0.018315135955810545
208	0.4407665431499481	0.44908167910575864	0.018315135955810545
209	0.4407680034637451	0.44908313941955563	0.018315135955810545
210	0.44076886773109436	0.4490840036869049	0.018315135955810545
211	0.43848222494125366	0.44908675289154054	0.02060452795028686
212	0.4384830594062805	0.4490875873565674	0.02060452795028686
213	0.44077250361442566	0.4490876395702362	0.018315135955810545
214	0.43848323822021484	0.4490877661705017	0.02060452795028686
215	0.4396311938762665	0.44909102582931515	0.019459831953048703
216	0.43848949670791626	0.44909402465820314	0.02060452795028686
217	0.4407792091369629	0.4490943450927734	0.018315135955810545
218	0.438492089509964	0.44909661746025087	0.02060452795028686
219	0.4396403729915619	0.44910020494461056	0.019459831953048703
220	0.43849629163742065	0.44910081958770753	0.02060452795028686
221	0.4407905638217926	0.4491056997776031	0.018315135955810545
222	0.4419371783733368	0.44910761833190915	0.017170439958572387
223	0.43736064434051514	0.44910986828804017	0.02174922394752502
224	0.4396570324897766	0.4491168644428253	0.019459831953048703
225	0.440805584192276	0.4491207201480865	0.018315135955810545
226	0.43851685523986816	0.44912138319015504	0.02060452795028686
227	0.4396616518497467	0.4491214838027954	0.019459831953048703
228	0.43852123618125916	0.44912576413154603	0.02060452795028686
229	0.4396693706512451	0.4491292026042938	0.019459831953048703
230	0.43852829933166504	0.4491328272819519	0.02060452795028686
231	0.43967941403388977	0.44913924598693844	0.019459831953048703
232	0.438535213470459	0.44913974142074586	0.02060452795028686
233	0.43739157915115356	0.4491408030986786	0.02174922394752502
234	0.44082844257354736	0.4491435785293579	0.018315135955810545
235	0.4385426640510559	0.4491471920013428	0.02060452795028686
236	0.43739989399909973	0.44914911794662477	0.02174922394752502
237	0.440837562084198	0.4491526980400085	0.018315135955810545
238	0.43855035305023193	0.4491548810005188	0.02060452795028686
239	0.43969619274139404	0.4491560246944427	0.019459831953048703
240	0.4385523498058319	0.4491568777561188	0.02060452795028686
241	0.43740856647491455	0.4491577904224396	0.02174922394752502
242	0.44313403964042664	0.44915978360176084	0.01602574396133423
243	0.44160008430480957	0.44877052426338193	0.017170439958572387
244	0.4405699670314789	0.4488851029872894	0.018315135955810545
245	0.4374105632305145	0.44915978717803956	0.02174922394752502
246	0.4397032558917999	0.4491630878448486	0.019459831953048703
247	0.43856075406074524	0.4491652820110321	0.02060452795028686
248	0.4419969916343689	0.44916743159294126	0.017170439958572387
249	0.4374208152294159	0.4491700391769409	0.02174922394752502
250	0.437424898147583	0.44917412209510804	0.02174922394752502
251	0.4385707378387451	0.449175265789032	0.02060452795028686
252	0.43857094645500183	0.4491754744052887	0.02060452795028686
253	0.4385710060596466	0.4491755340099335	0.02060452795028686
254	0.43971604108810425	0.4491758730411529	0.019459831953048703
255	0.43857231736183167	0.44917684531211854	0.02060452795028686
256	0.44200772047042847	0.44917816042900083	0.017170439958572387
257	0.4385741353034973	0.4491786632537842	0.02060452795028686
258	0.43971920013427734	0.449179032087326	0.019459831953048703
259	0.4397197663784027	0.4491795983314514	0.019459831953048703
260	0.4385759234428406	0.44918045139312746	0.02060452795028686
261	0.43857792019844055	0.44918244814872743	0.02060452795028686
262	0.4385779798030853	0.4491825077533722	0.02060452795028686
263	0.4385779798030853	0.4491825077533722	0.02060452795028686
264	0.4385785460472107	0.4491830739974976	0.02060452795028686
265	0.4385811388492584	0.4491856667995453	0.02060452795028686
266	0.43972858786582947	0.44918841981887814	0.019459831953048703
267	0.4420183598995209	0.44918879985809324	0.017170439958572387
268	0.43858492374420166	0.44918945169448854	0.02060452795028686
269	0.4374404847621918	0.4491897087097168	0.02174922394752502
270	0.43744146823883057	0.4491906921863556	0.02174922394752502
271	0.43973129987716675	0.4491911318302154	0.019459831953048703
272	0.43973180651664734	0.449191638469696	0.019459831953048703
273	0.44202184677124023	0.4491922867298126	0.017170439958572387
274	0.4374445974826813	0.4491938214302063	0.02174922394752502
275	0.44202351570129395	0.4491939556598663	0.017170439958572387
276	0.43858954310417175	0.44919407105445863	0.02060452795028686
277	0.4397343397140503	0.44919417166709896	0.019459831953048703
278	0.44202518463134766	0.44919562458992	0.017170439958572387
279	0.4420264959335327	0.4491969358921051	0.017170439958572387
280	0.44202661514282227	0.4491970551013946	0.017170439958572387
281	0.44202661514282227	0.4491970551013946	0.017170439958572387
282	0.43744808435440063	0.44919730830192567	0.02174922394752502
283	0.4374484121799469	0.44919763612747193	0.02174922394752502
284	0.4374484121799469	0.44919763612747193	0.02174922394752502
285	0.44202759861946106	0.4491980385780334	0.017170439958572387
286	0.4385937452316284	0.4491982731819153	0.02060452795028686
287	0.44202789664268494	0.4491983366012573	0.017170439958572387
288	0.4374503493309021	0.44919957327842713	0.02174922394752502
289	0.43745166063308716	0.4492008845806122	0.02174922394752502
290	0.4420314431190491	0.44920188307762143	0.017170439958572387
291	0.4385983943939209	0.4492029223442078	0.02060452795028686
292	0.4385988712310791	0.449203399181366	0.02060452795028686
293	0.437455415725708	0.44920463967323304	0.02174922394752502
294	0.43974485993385315	0.4492046918869018	0.019459831953048703
295	0.4397485852241516	0.4492084171772003	0.019459831953048703
296	0.438604474067688	0.44920900201797487	0.02060452795028686
297	0.43746036291122437	0.4492095868587494	0.02174922394752502
298	0.43860605359077454	0.4492105815410614	0.02060452795028686
299	0.43746259808540344	0.4492118220329285	0.02174922394752502
300	0.44204181432724	0.44921225428581235	0.017170439958572387
301	0.44204607605934143	0.4492165160179138	0.017170439958572387
302	0.4397616982460022	0.44922153019905087	0.019459831953048703
303	0.44090723991394043	0.44922237586975095	0.018315135955810545
304	0.4409097731113434	0.4492249090671539	0.018315135955810545
305	0.43747657537460327	0.4492257993221283	0.02174922394752502
306	0.4397673010826111	0.44922713303565975	0.019459831953048703
307	0.4420572519302368	0.4492276918888092	0.017170439958572387
308	0.4386245608329773	0.4492290887832642	0.02060452795028686
309	0.43862664699554443	0.4492311749458313	0.02060452795028686
310	0.4386277496814728	0.44923227763175966	0.02060452795028686
311	0.43748360872268677	0.4492328326702118	0.02174922394752502
312	0.44092288613319397	0.4492380220890045	0.018315135955810545
313	0.4386375844478607	0.4492421123981476	0.02060452795028686
314	0.4374951124191284	0.44924433636665345	0.02174922394752502
315	0.43864011764526367	0.44924464559555055	0.02060452795028686
316	0.43978556990623474	0.4492454018592834	0.019459831953048703
317	0.439787358045578	0.4492471899986267	0.019459831953048703
318	0.4386439621448517	0.44924849009513856	0.02060452795028686
319	0.439788818359375	0.44924865031242367	0.019459831953048703
320	0.4397888779640198	0.44924870991706845	0.019459831953048703
321	0.43978947401046753	0.4492493059635162	0.019459831953048703
322	0.44093531370162964	0.44925044965744015	0.018315135955810545
323	0.4397917687892914	0.44925160074234005	0.019459831953048703
324	0.43979179859161377	0.44925163054466244	0.019459831953048703
325	0.43979179859161377	0.44925163054466244	0.019459831953048703
326	0.43979182839393616	0.4492516603469848	0.019459831953048703
327	0.43864840269088745	0.44925293064117433	0.02060452795028686
328	0.43979430198669434	0.449254133939743	0.019459831953048703
329	0.43865153193473816	0.44925605988502504	0.02060452795028686
330	0.43865156173706055	0.4492560896873474	0.02060452795028686
331	0.43979737162590027	0.44925720357894894	0.019459831953048703
332	0.4420870244503021	0.4492574644088745	0.017170439958572387
333	0.4397979974746704	0.4492578294277191	0.019459831953048703
334	0.43750903010368347	0.4492582540512085	0.02174922394752502
335	0.43979862332344055	0.4492584552764892	0.019459831953048703
336	0.44094333052635193	0.44925846648216244	0.018315135955810545
337	0.43865519762039185	0.4492597255706787	0.02060452795028686
338	0.4386553466320038	0.44925987458229066	0.02060452795028686
339	0.4386553466320038	0.44925987458229066	0.02060452795028686
340	0.43865689635276794	0.4492614243030548	0.02060452795028686
341	0.4386585056781769	0.44926303362846376	0.02060452795028686
342	0.4409485459327698	0.4492636818885803	0.018315135955810545
343	0.43865934014320374	0.4492638680934906	0.02060452795028686
344	0.4386623203754425	0.4492668483257294	0.02060452795028686
345	0.43751850724220276	0.4492677311897278	0.02174922394752502
346	0.43866655230522156	0.44927108025550844	0.02060452795028686
347	0.436591774225235	0.44834099817276	0.02174922394752502
348	0.43686261773109436	0.4486118416786194	0.02174922394752502
349	0.43691426515579224	0.44866348910331727	0.02174922394752502
350	0.43704983592033386	0.4487990598678589	0.02174922394752502
351	0.43731585144996643	0.44906507539749146	0.02174922394752502
352	0.4398139715194702	0.4492738034725189	0.019459831953048703
353	0.43867143988609314	0.44927596783638	0.02060452795028686
354	0.43981683254241943	0.4492766644954681	0.019459831953048703
355	0.438675194978714	0.44927972292900087	0.02060452795028686
356	0.43753376603126526	0.4492829899787903	0.02174922394752502
357	0.4398232698440552	0.44928310179710385	0.019459831953048703
358	0.43982431292533875	0.4492841448783874	0.019459831953048703
359	0.43868210911750793	0.4492866370677948	0.02060452795028686
360	0.438683420419693	0.4492879483699799	0.02060452795028686
361	0.4386853277683258	0.4492898557186127	0.02060452795028686
362	0.4386858344078064	0.4492903623580933	0.02060452795028686
363	0.43983185291290283	0.4492916848659515	0.019459831953048703
364	0.43983277678489685	0.4492926087379455	0.019459831953048703
365	0.43754613399505615	0.4492953579425812	0.02174922394752502
366	0.4375503361225128	0.44929956007003785	0.02174922394752502
367	0.4386952221393585	0.4492997500896454	0.02060452795028686
368	0.4386955499649048	0.44930007791519166	0.02060452795028686
369	0.4386962950229645	0.44930082297325136	0.02060452795028686
370	0.43869665265083313	0.44930118060112	0.02060452795028686
371	0.43984276056289673	0.4493025925159454	0.019459831953048703
372	0.4386991858482361	0.44930371379852296	0.02060452795028686
373	0.43754303455352783	0.44929225850105287	0.02174922394752502
374	0.43984484672546387	0.44930467867851254	0.019459831953048703
375	0.438701868057251	0.44930639600753786	0.02060452795028686
376	0.4387020766735077	0.44930660462379457	0.02060452795028686
377	0.4409922957420349	0.4493074316978454	0.018315135955810545
378	0.4387049674987793	0.4493094954490662	0.02060452795028686
379	0.43871065974235535	0.4493151876926422	0.02060452795028686
380	0.4387114644050598	0.4493159923553467	0.02060452795028686
381	0.4375678598880768	0.4493170838356018	0.02174922394752502
382	0.4410046637058258	0.4493197996616363	0.018315135955810545
383	0.4410070776939392	0.4493222136497497	0.018315135955810545
384	0.439863383769989	0.4493232157230377	0.019459831953048703
385	0.44101259112358093	0.44932772707939145	0.018315135955810545
386	0.4421577751636505	0.4493282151222229	0.017170439958572387
387	0.43643712997436523	0.4493310499191284	0.022893919944763176
388	0.4387269616127014	0.4493314895629883	0.02060452795028686
389	0.4398733079433441	0.4493331398963928	0.019459831953048703
390	0.4387349784374237	0.4493395063877106	0.02060452795028686
391	0.4398832321166992	0.4493430640697479	0.019459831953048703
392	0.44102898240089417	0.4493441183567047	0.018315135955810545
393	0.4375951886177063	0.44934441256523133	0.02174922394752502
394	0.4387405216693878	0.4493450496196747	0.02060452795028686
395	0.43988698720932007	0.44934681916236874	0.019459831953048703
396	0.4375978410243988	0.44934706497192384	0.02174922394752502
397	0.4364544153213501	0.4493483352661133	0.022893919944763176
398	0.43645456433296204	0.4493484842777252	0.022893919944763176
399	0.4387468993663788	0.44935142731666566	0.02060452795028686
400	0.4387543797492981	0.449358907699585	0.02060452795028686
401	0.4387552738189697	0.4493598017692566	0.02060452795028686
402	0.4399002194404602	0.4493600513935089	0.019459831953048703
403	0.43875619769096375	0.4493607256412506	0.02060452795028686
404	0.4387562572956085	0.4493607852458954	0.02060452795028686
405	0.4387587904930115	0.44936331844329835	0.02060452795028686
406	0.43990349769592285	0.4493633296489715	0.019459831953048703
407	0.44104912877082825	0.44936426472663876	0.018315135955810545
408	0.43886569142341614	0.4483255233764648	0.019459831953048703
409	0.4382466673851013	0.4488511953353882	0.02060452795028686
410	0.43851238489151	0.4491169128417969	0.02060452795028686
411	0.4387471079826355	0.4493516359329224	0.02060452795028686
412	0.4387551546096802	0.44935968255996706	0.02060452795028686
413	0.4399045407772064	0.4493643727302551	0.019459831953048703
414	0.4399048388004303	0.44936467075347897	0.019459831953048703
415	0.4399054944515228	0.4493653264045715	0.019459831953048703
416	0.4387611746788025	0.44936570262908937	0.02060452795028686
417	0.4387614130973816	0.44936594104766847	0.02060452795028686
418	0.4387643337249756	0.44936886167526247	0.02060452795028686
419	0.4387647211551666	0.4493692491054535	0.02060452795028686
420	0.4387659728527069	0.4493705008029938	0.02060452795028686
421	0.4376213550567627	0.44937057900428773	0.02174922394752502
422	0.4399111866950989	0.44937101864814755	0.019459831953048703
423	0.4376223087310791	0.44937153267860414	0.02174922394752502
424	0.43876805901527405	0.4493725869655609	0.02060452795028686
425	0.43876808881759644	0.4493726167678833	0.02060452795028686
426	0.43876808881759644	0.4493726167678833	0.02060452795028686
427	0.43876874446868896	0.44937327241897584	0.02060452795028686
428	0.43876978754997253	0.4493743155002594	0.02060452795028686
429	0.4387713372707367	0.4493758652210236	0.02060452795028686
430	0.43877294659614563	0.4493774745464325	0.02060452795028686
431	0.439918577671051	0.4493784096240997	0.019459831953048703
432	0.442208856344223	0.4493792963027954	0.017170439958572387
433	0.43877512216567993	0.4493796501159668	0.02060452795028686
434	0.43877604603767395	0.44938057398796083	0.02060452795028686
435	0.4399210214614868	0.4493808534145355	0.019459831953048703
436	0.43877658247947693	0.4493811104297638	0.02060452795028686
437	0.4387766420841217	0.4493811700344086	0.02060452795028686
438	0.43992212414741516	0.44938195610046383	0.019459831953048703
439	0.4399242699146271	0.44938410186767574	0.019459831953048703
440	0.4387807250022888	0.4493852529525757	0.02060452795028686
441	0.43992623686790466	0.44938606882095333	0.019459831953048703
442	0.4387819170951843	0.4493864450454712	0.02060452795028686
443	0.4399266541004181	0.44938648605346676	0.019459831953048703
444	0.43992695212364197	0.44938678407669064	0.019459831953048703
445	0.43992695212364197	0.44938678407669064	0.019459831953048703
446	0.44221654534339905	0.4493869853019714	0.017170439958572387
447	0.43763887882232666	0.4493881027698517	0.02174922394752502
448	0.43992841243743896	0.44938824439048763	0.019459831953048703
449	0.43992918729782104	0.4493890192508697	0.019459831953048703
450	0.4376398026943207	0.4493890266418457	0.02174922394752502
451	0.4399300515651703	0.44938988351821896	0.019459831953048703
452	0.44107556343078613	0.44939069938659665	0.018315135955810545
453	0.43993160128593445	0.4493914332389831	0.019459831953048703
454	0.43993285298347473	0.4493926849365234	0.019459831953048703
455	0.4387882351875305	0.4493927631378174	0.02060452795028686
456	0.4387892186641693	0.4493937466144562	0.02060452795028686
457	0.4387906491756439	0.4493951771259308	0.02060452795028686
458	0.4387924373149872	0.44939696526527406	0.02060452795028686
459	0.4372504651546478	0.44899968910217286	0.02174922394752502
460	0.4376402199268341	0.44938944387435914	0.02174922394752502
461	0.4410823583602905	0.44939749431610104	0.018315135955810545
462	0.4387962520122528	0.4494007799625397	0.02060452795028686
463	0.4399411976337433	0.44940102958679196	0.019459831953048703
464	0.4387969970703125	0.4494015250205994	0.02060452795028686
465	0.44108662009239197	0.4494017560482025	0.018315135955810545
466	0.437652587890625	0.44940181183815003	0.02174922394752502
467	0.4410873055458069	0.4494024415016174	0.018315135955810545
468	0.4387030303478241	0.44816286230087277	0.019459831953048703
469	0.4384031891822815	0.4490077171325684	0.02060452795028686
470	0.43841618299484253	0.4490207109451294	0.02060452795028686
471	0.43855080008506775	0.44915532803535463	0.02060452795028686
472	0.4385577440261841	0.44916227197647096	0.02060452795028686
473	0.4385800063610077	0.44918453431129457	0.02060452795028686
474	0.4385907053947449	0.44919523334503175	0.02060452795028686
475	0.4386046826839447	0.4492092106342316	0.02060452795028686
476	0.4386196434497833	0.4492241714000702	0.02060452795028686
477	0.43864643573760986	0.44925096368789674	0.02060452795028686
478	0.4386754035949707	0.4492799315452576	0.02060452795028686
479	0.4386959969997406	0.4493005249500275	0.02060452795028686
480	0.43869608640670776	0.44930061435699464	0.02060452795028686
481	0.4386991858482361	0.44930371379852296	0.02060452795028686
482	0.4387030303478241	0.449307558298111	0.02060452795028686
483	0.4387030303478241	0.449307558298111	0.02060452795028686
484	0.4387030303478241	0.449307558298111	0.02060452795028686
485	0.4387030303478241	0.449307558298111	0.02060452795028686
486	0.43870624899864197	0.44931077694892885	0.02060452795028686
487	0.4387100040912628	0.4493145320415497	0.02060452795028686
488	0.438714861869812	0.4493193898200989	0.02060452795028686
489	0.4387311339378357	0.4493356618881226	0.02060452795028686
490	0.4387497007846832	0.4493542287349701	0.02060452795028686
491	0.43879827857017517	0.44940280652046205	0.02060452795028686
492	0.43880030512809753	0.4494048330783844	0.02060452795028686
493	0.43765613436698914	0.44940535831451417	0.02174922394752502
494	0.43880191445350647	0.44940644240379335	0.02060452795028686
495	0.43765851855278015	0.4494077425003052	0.02174922394752502
496	0.4376606047153473	0.4494098286628723	0.02174922394752502
497	0.4399509131908417	0.44941074514389034	0.019459831953048703
498	0.4399509131908417	0.44941074514389034	0.019459831953048703
499	0.44109630584716797	0.4494114418029785	0.018315135955810545
500	0.4388090968132019	0.4494136247634888	0.02060452795028686
501	0.4376646876335144	0.44941391158103944	0.02174922394752502
502	0.43766549229621887	0.4494147162437439	0.02174922394752502
503	0.4388103783130646	0.44941490626335145	0.02060452795028686
504	0.43766623735427856	0.4494154613018036	0.02174922394752502
505	0.4365222454071045	0.4494161653518677	0.022893919944763176
506	0.44110143184661865	0.44941656780242917	0.018315135955810545
507	0.43652278184890747	0.44941670179367066	0.022893919944763176
508	0.4388132393360138	0.4494177672863007	0.02060452795028686
509	0.4388144612312317	0.44941898918151857	0.02060452795028686
510	0.43881458044052124	0.4494191083908081	0.02060452795028686
511	0.43881481885910034	0.4494193468093872	0.02060452795028686
512	0.43881767988204956	0.44942220783233644	0.02060452795028686
513	0.43996289372444153	0.4494227256774902	0.019459831953048703
514	0.437673956155777	0.449423180103302	0.02174922394752502
515	0.43767401576042175	0.4494232397079468	0.02174922394752502
516	0.43882012367248535	0.44942465162277223	0.02060452795028686
517	0.43882036209106445	0.44942489004135133	0.02060452795028686
518	0.43882036209106445	0.44942489004135133	0.02060452795028686
519	0.4376758933067322	0.4494251172542572	0.02174922394752502
520	0.4399659037590027	0.44942573571205136	0.019459831953048703
521	0.4411109387874603	0.44942607474327084	0.018315135955810545
522	0.43767690658569336	0.4494261305332184	0.02174922394752502
523	0.43653231859207153	0.4494262385368347	0.022893919944763176
524	0.4376770853996277	0.4494263093471527	0.02174922394752502
525	0.43882185220718384	0.4494263801574707	0.02060452795028686
526	0.43767741322517395	0.449426637172699	0.02174922394752502
527	0.438822478055954	0.44942700600624086	0.02060452795028686
528	0.4388226866722107	0.4494272146224976	0.02060452795028686
529	0.43996790051460266	0.44942773246765133	0.019459831953048703
530	0.43882352113723755	0.44942804908752443	0.02060452795028686
531	0.43996864557266235	0.449428477525711	0.019459831953048703
532	0.439969539642334	0.44942937159538265	0.019459831953048703
533	0.43768078088760376	0.4494300048351288	0.02174922394752502
534	0.4388256371021271	0.44943016505241395	0.02060452795028686
535	0.4376811385154724	0.44943036246299745	0.02174922394752502
536	0.4376811683177948	0.44943039226531983	0.02174922394752502
537	0.4376811683177948	0.44943039226531983	0.02174922394752502
538	0.43768131732940674	0.44943054127693177	0.02174922394752502
539	0.438826322555542	0.44943085050582887	0.02060452795028686
540	0.439972847700119	0.4494326796531677	0.019459831953048703
541	0.43768346309661865	0.4494326870441437	0.02174922394752502
542	0.438829243183136	0.44943377113342287	0.02060452795028686
543	0.4376846253871918	0.4494338493347168	0.02174922394752502
544	0.4388294517993927	0.4494339797496796	0.02060452795028686
545	0.4388294517993927	0.4494339797496796	0.02060452795028686
546	0.44111907482147217	0.4494342107772827	0.018315135955810545
547	0.43883106112480164	0.4494355890750885	0.02060452795028686
548	0.4399768114089966	0.44943664336204525	0.019459831953048703
549	0.4388325810432434	0.4494371089935303	0.02060452795028686
550	0.4388325810432434	0.4494371089935303	0.02060452795028686
551	0.4411221444606781	0.4494372804164886	0.018315135955810545
552	0.43768829107284546	0.4494375150203705	0.02174922394752502
553	0.4388330280780792	0.4494375560283661	0.02060452795028686
554	0.4376884400844574	0.44943766403198243	0.02174922394752502
555	0.44112300872802734	0.44943814468383786	0.018315135955810545
556	0.4399784207344055	0.4494382526874542	0.019459831953048703
557	0.4399797320365906	0.44943956398963925	0.019459831953048703
558	0.43769121170043945	0.4494404356479645	0.02174922394752502
559	0.43883633613586426	0.44944086408615114	0.02060452795028686
560	0.4399811625480652	0.44944099450111386	0.019459831953048703
561	0.4388374388217926	0.4494419667720795	0.02060452795028686
562	0.43883806467056274	0.4494425926208496	0.02060452795028686
563	0.4365488290786743	0.4494427490234375	0.022893919944763176
564	0.43998417258262634	0.449444004535675	0.019459831953048703
565	0.43998605012893677	0.44944588208198544	0.019459831953048703
566	0.43655362725257874	0.4494475471973419	0.022893919944763176
567	0.43884435296058655	0.4494488809108734	0.02060452795028686
568	0.4377001225948334	0.4494493465423584	0.02174922394752502
569	0.4377008378505707	0.4494500617980957	0.02174922394752502
570	0.43884626030921936	0.44945078825950624	0.02060452795028686
571	0.43999195098876953	0.4494517829418182	0.019459831953048703
572	0.43884748220443726	0.44945201015472414	0.02060452795028686
573	0.43999341130256653	0.4494532432556152	0.019459831953048703
574	0.4388488233089447	0.4494533512592316	0.02060452795028686
575	0.43656033277511597	0.44945425271987915	0.022893919944763176
576	0.43770506978034973	0.44945429372787477	0.02174922394752502
577	0.4377050995826721	0.44945432353019715	0.02174922394752502
578	0.43885183334350586	0.44945636129379274	0.02060452795028686
579	0.43885278701782227	0.44945731496810915	0.02060452795028686
580	0.43770813941955566	0.4494573633670807	0.02174922394752502
581	0.43770912289619446	0.4494583468437195	0.02174922394752502
582	0.4399990737438202	0.44945890569686886	0.019459831953048703
583	0.4377099573612213	0.44945918130874635	0.02174922394752502
584	0.4365655183792114	0.4494594383239746	0.022893919944763176
585	0.4377102851867676	0.4494595091342926	0.02174922394752502
586	0.4388558566570282	0.4494603846073151	0.02060452795028686
587	0.4400010108947754	0.44946084284782406	0.019459831953048703
588	0.4388574957847595	0.4494620237350464	0.02060452795028686
589	0.4388587772846222	0.44946330523490907	0.02060452795028686
590	0.43885883688926697	0.44946336483955385	0.02060452795028686
591	0.43885940313339233	0.4494639310836792	0.02060452795028686
592	0.4377153813838959	0.4494646053314209	0.02174922394752502
593	0.4388602077960968	0.4494647357463837	0.02060452795028686
594	0.4388602375984192	0.44946476554870607	0.02060452795028686
595	0.4400050938129425	0.4494649257659912	0.019459831953048703
596	0.4388618767261505	0.4494664046764374	0.02060452795028686
597	0.44000858068466187	0.44946841263771053	0.019459831953048703
598	0.4377191960811615	0.44946842002868653	0.02174922394752502
599	0.440009206533432	0.4494690384864807	0.019459831953048703
600	0.440009206533432	0.4494690384864807	0.019459831953048703
601	0.44000929594039917	0.44946912789344784	0.019459831953048703
602	0.43886467814445496	0.44946920609474184	0.02060452795028686
603	0.440010130405426	0.4494699623584747	0.019459831953048703
604	0.43886569142341614	0.449470219373703	0.02060452795028686
605	0.43886569142341614	0.449470219373703	0.02060452795028686
606	0.43886569142341614	0.449470219373703	0.02060452795028686
607	0.43886569142341614	0.449470219373703	0.02060452795028686
608	0.44115522503852844	0.44947036099433896	0.018315135955810545
609	0.4377213716506958	0.44947059559822083	0.02174922394752502
610	0.44001293182373047	0.44947276377677914	0.019459831953048703
611	0.4400133192539215	0.4494731512069702	0.019459831953048703
612	0.4388689398765564	0.4494734678268433	0.02060452795028686
613	0.4388692080974579	0.44947373604774477	0.02060452795028686
614	0.4377248287200928	0.4494740526676178	0.02174922394752502
615	0.441159725189209	0.4494748611450195	0.018315135955810545
616	0.4377257823944092	0.4494750063419342	0.02174922394752502
617	0.43887048959732056	0.44947501754760744	0.02060452795028686
618	0.43772590160369873	0.44947512555122376	0.02174922394752502
619	0.4400158226490021	0.44947565460205074	0.019459831953048703
620	0.4400160014629364	0.44947583341598507	0.019459831953048703
621	0.4400162398815155	0.4494760718345642	0.019459831953048703
622	0.4400162398815155	0.4494760718345642	0.019459831953048703
623	0.4400162398815155	0.4494760718345642	0.019459831953048703
624	0.4400162398815155	0.4494760718345642	0.019459831953048703
625	0.44001731276512146	0.44947714471817013	0.019459831953048703
626	0.43887269496917725	0.4494772229194641	0.02060452795028686
627	0.44001778960227966	0.44947762155532833	0.019459831953048703
628	0.43658381700515747	0.44947773694992066	0.022893919944763176
629	0.4377289414405823	0.4494781653881073	0.02174922394752502
630	0.4400186836719513	0.44947851562499996	0.019459831953048703
631	0.43772968649864197	0.449478910446167	0.02174922394752502
632	0.4365851581096649	0.4494790780544281	0.022893919944763176
633	0.4365851879119873	0.4494791078567505	0.022893919944763176
634	0.4400193393230438	0.4494791712760925	0.019459831953048703
635	0.4400201737880707	0.44948000574111935	0.019459831953048703
636	0.4388760030269623	0.44948053097724916	0.02060452795028686
637	0.436586856842041	0.4494807767868042	0.022893919944763176
638	0.4377320408821106	0.44948126482963563	0.02174922394752502
639	0.43773236870765686	0.4494815926551819	0.02174922394752502
640	0.4400218725204468	0.44948170447349545	0.019459831953048703
641	0.4377327263355255	0.44948195028305055	0.02174922394752502
642	0.4377327263355255	0.44948195028305055	0.02174922394752502
643	0.44002240896224976	0.4494822409152984	0.019459831953048703
644	0.4400225281715393	0.449482360124588	0.019459831953048703
645	0.4400225579738617	0.44948238992691036	0.019459831953048703
646	0.43887859582901	0.4494831237792969	0.02060452795028686
647	0.4400234520435333	0.449483283996582	0.019459831953048703
648	0.4377346336841583	0.44948385763168336	0.02174922394752502
649	0.4400252401828766	0.44948507213592526	0.019459831953048703
650	0.4365912675857544	0.4494851875305176	0.022893919944763176
651	0.43773600459098816	0.4494852285385132	0.02174922394752502
652	0.4400255084037781	0.44948534035682675	0.019459831953048703
653	0.4400255084037781	0.44948534035682675	0.019459831953048703
654	0.4400255084037781	0.44948534035682675	0.019459831953048703
655	0.4400255084037781	0.44948534035682675	0.019459831953048703
656	0.436591774225235	0.4494856941699982	0.022893919944763176
657	0.436591774225235	0.4494856941699982	0.022893919944763176
658	0.4400270879268646	0.4494869198799133	0.019459831953048703
659	0.4400276243686676	0.44948745632171627	0.019459831953048703
660	0.44002801179885864	0.4494878437519073	0.019459831953048703
661	0.4365940988063812	0.4494880187511444	0.022893919944763176
662	0.437739759683609	0.44948898363113404	0.02174922394752502
663	0.4400298297405243	0.44948966169357296	0.019459831953048703
664	0.4365958273410797	0.4494897472858429	0.022893919944763176
665	0.44003039598464966	0.44949022793769833	0.019459831953048703
666	0.44003042578697205	0.4494902577400207	0.019459831953048703
667	0.4400317072868347	0.4494915392398834	0.019459831953048703
668	0.4400325417518616	0.44949237370491024	0.019459831953048703
669	0.43888789415359497	0.44949242210388185	0.02060452795028686
670	0.4388880729675293	0.4494926009178162	0.02060452795028686
671	0.4388881027698517	0.44949263072013856	0.02060452795028686
672	0.44003328680992126	0.44949311876296993	0.019459831953048703
673	0.4365996718406677	0.4494935917854309	0.022893919944763176
674	0.44003379344940186	0.4494936254024505	0.019459831953048703
675	0.44003409147262573	0.4494939234256744	0.019459831953048703
676	0.44003409147262573	0.4494939234256744	0.019459831953048703
677	0.44003409147262573	0.4494939234256744	0.019459831953048703
678	0.44003409147262573	0.4494939234256744	0.019459831953048703
679	0.44003409147262573	0.4494939234256744	0.019459831953048703
680	0.44003409147262573	0.4494939234256744	0.019459831953048703
681	0.44003409147262573	0.4494939234256744	0.019459831953048703
682	0.44003409147262573	0.4494939234256744	0.019459831953048703
683	0.44003409147262573	0.4494939234256744	0.019459831953048703
684	0.44003409147262573	0.4494939234256744	0.019459831953048703
685	0.44003409147262573	0.4494939234256744	0.019459831953048703
686	0.44003409147262573	0.4494939234256744	0.019459831953048703
687	0.44003409147262573	0.4494939234256744	0.019459831953048703
688	0.44003409147262573	0.4494939234256744	0.019459831953048703
689	0.44003409147262573	0.4494939234256744	0.019459831953048703
690	0.4400351941585541	0.44949502611160275	0.019459831953048703
691	0.4377461075782776	0.4494953315258026	0.02174922394752502
692	0.4400356709957123	0.44949550294876095	0.019459831953048703
693	0.43774673342704773	0.44949595737457276	0.02174922394752502
694	0.4400365948677063	0.44949642682075497	0.019459831953048703
695	0.43660303950309753	0.4494969594478607	0.022893919944763176
696	0.44003716111183167	0.44949699306488033	0.019459831953048703
697	0.43889275193214417	0.44949727988243104	0.02060452795028686
698	0.43889379501342773	0.4494983229637146	0.02060452795028686
699	0.4388943612575531	0.44949888920784	0.02060452795028686
700	0.4400394856929779	0.4494993176460266	0.019459831953048703
701	0.44004109501838684	0.4495009269714355	0.019459831953048703
702	0.43775343894958496	0.44950266289711	0.02174922394752502
703	0.43660974502563477	0.44950366497039795	0.022893919944763176
704	0.4389004111289978	0.4495049390792847	0.02060452795028686
705	0.4400455355644226	0.4495053675174713	0.019459831953048703
706	0.4400458335876465	0.44950566554069515	0.019459831953048703
707	0.44004589319229126	0.44950572514533993	0.019459831953048703
708	0.43775656819343567	0.4495057921409607	0.02174922394752502
709	0.4377566874027252	0.44950591135025025	0.02174922394752502
710	0.4411921203136444	0.4495072562694549	0.018315135955810545
711	0.44004881381988525	0.4495086457729339	0.019459831953048703
712	0.44004905223846436	0.449508884191513	0.019459831953048703
713	0.4400493800640106	0.4495092120170593	0.019459831953048703
714	0.437760591506958	0.44950981545448304	0.02174922394752502
715	0.4377606511116028	0.4495098750591278	0.02174922394752502
716	0.4377606511116028	0.4495098750591278	0.02174922394752502
717	0.43776074051856995	0.449509964466095	0.02174922394752502
718	0.4377608895301819	0.4495101134777069	0.02174922394752502
719	0.44005054235458374	0.4495103743076324	0.019459831953048703
720	0.44005054235458374	0.4495103743076324	0.019459831953048703
721	0.44234001636505127	0.44951045632362363	0.017170439958572387
722	0.44005075097084045	0.4495105829238891	0.019459831953048703
723	0.44005095958709717	0.44951079154014584	0.019459831953048703
724	0.4389066696166992	0.4495111975669861	0.02060452795028686
725	0.43732237815856934	0.44907160210609437	0.02174922394752502
726	0.44005200266838074	0.4495118346214294	0.019459831953048703
727	0.44005200266838074	0.4495118346214294	0.019459831953048703
728	0.437762975692749	0.44951219964027406	0.02174922394752502
729	0.43776407837867737	0.4495133023262024	0.02174922394752502
730	0.43776434659957886	0.4495135705471039	0.02174922394752502
731	0.4400545358657837	0.44951436781883236	0.019459831953048703
732	0.44005492329597473	0.4495147552490234	0.019459831953048703
733	0.43776676058769226	0.4495159845352173	0.02174922394752502
734	0.4400568902492523	0.449516722202301	0.019459831953048703
735	0.43891236186027527	0.44951688981056215	0.02060452795028686
736	0.4377678632736206	0.44951708722114564	0.02174922394752502
737	0.4400573670864105	0.4495171990394592	0.019459831953048703
738	0.4366236925125122	0.4495176124572754	0.022893919944763176
739	0.4400582015514374	0.44951803350448605	0.019459831953048703
740	0.4400582015514374	0.44951803350448605	0.019459831953048703
741	0.4400594234466553	0.44951925539970394	0.019459831953048703
742	0.437770277261734	0.44951950120925904	0.02174922394752502
743	0.43777111172676086	0.4495203356742859	0.02174922394752502
744	0.4400615096092224	0.4495213415622711	0.019459831953048703
745	0.44006386399269104	0.4495236959457397	0.019459831953048703
746	0.4400652348995209	0.44952506685256954	0.019459831953048703
747	0.44006648659706116	0.4495263185501098	0.019459831953048703
748	0.43777868151664734	0.4495279054641724	0.02174922394752502
749	0.43892353773117065	0.44952806568145753	0.02060452795028686
750	0.4400685429573059	0.4495283749103546	0.019459831953048703
751	0.4377794563770294	0.44952868032455445	0.02174922394752502
752	0.4400692582130432	0.4495290901660919	0.019459831953048703
753	0.4377819895744324	0.4495312135219574	0.02174922394752502
754	0.4377821087837219	0.44953133273124696	0.02174922394752502
755	0.440071702003479	0.4495315339565277	0.019459831953048703
756	0.4412167966365814	0.44953193259239194	0.018315135955810545
757	0.43992605805397034	0.449385890007019	0.019459831953048703
758	0.44007331132888794	0.4495331432819366	0.019459831953048703
759	0.4400734603404999	0.44953329229354855	0.019459831953048703
760	0.44121888279914856	0.4495340187549591	0.018315135955810545
761	0.43947187066078186	0.44893170261383053	0.019459831953048703
762	0.4382588565349579	0.44886338448524477	0.02060452795028686
763	0.43851885199546814	0.449123379945755	0.02060452795028686
764	0.43854808807373047	0.44915261602401735	0.02060452795028686
765	0.438593327999115	0.44919785594940187	0.02060452795028686
766	0.43864187598228455	0.4492464039325714	0.02060452795028686
767	0.4375923275947571	0.4493415515422821	0.02174922394752502
768	0.438904732465744	0.4495092604160309	0.02060452795028686
769	0.44007420539855957	0.44953403735160824	0.019459831953048703
770	0.44007444381713867	0.44953427577018734	0.019459831953048703
771	0.44007444381713867	0.44953427577018734	0.019459831953048703
772	0.4377860724925995	0.4495352964401245	0.02174922394752502
773	0.43893101811408997	0.44953554606437685	0.02060452795028686
774	0.437786340713501	0.449535564661026	0.02174922394752502
775	0.44007593393325806	0.4495357658863067	0.019459831953048703
776	0.44007644057273865	0.4495362725257873	0.019459831953048703
777	0.44007670879364014	0.4495365407466888	0.019459831953048703
778	0.4400770366191864	0.44953686857223507	0.019459831953048703
779	0.4377889335155487	0.44953815746307374	0.02174922394752502
780	0.4377897381782532	0.4495389621257782	0.02174922394752502
781	0.44007933139801025	0.4495391633510589	0.019459831953048703
782	0.4400795102119446	0.44953934216499325	0.019459831953048703
783	0.4366454482078552	0.4495393681526184	0.022893919944763176
784	0.4400803744792938	0.4495402064323425	0.019459831953048703
785	0.4423707127571106	0.44954115271568296	0.017170439958572387
786	0.4377920627593994	0.44954128670692445	0.02174922394752502
787	0.4400818943977356	0.44954172635078427	0.019459831953048703
788	0.4377927780151367	0.44954200196266175	0.02174922394752502
789	0.4377935230731964	0.44954274702072144	0.02174922394752502
790	0.4389382302761078	0.44954275822639467	0.02060452795028686
791	0.4400840699672699	0.44954390192031857	0.019459831953048703
792	0.44237369298934937	0.4495441329479217	0.017170439958572387
793	0.44122910499572754	0.44954424095153805	0.018315135955810545
794	0.4377956986427307	0.44954492259025575	0.02174922394752502
795	0.4389405846595764	0.4495451126098633	0.02060452795028686
796	0.4377959370613098	0.44954516100883485	0.02174922394752502
797	0.43894144892692566	0.44954597687721254	0.02060452795028686
798	0.43779778480529785	0.4495470087528229	0.02174922394752502
799	0.43894460797309875	0.44954913592338563	0.02060452795028686
800	0.4389452040195465	0.4495497319698334	0.02060452795028686
801	0.44009020924568176	0.44955004119873043	0.019459831953048703
802	0.4400908946990967	0.44955072665214535	0.019459831953048703
803	0.4366579055786133	0.44955182552337647	0.022893919944763176
804	0.43665850162506104	0.4495524215698242	0.022893919944763176
805	0.4400928318500519	0.44955266380310055	0.019459831953048703
806	0.4378036558628082	0.44955287981033326	0.02174922394752502
807	0.43780380487442017	0.4495530288219452	0.02174922394752502
808	0.43780428171157837	0.4495535056591034	0.02174922394752502
809	0.4378049075603485	0.44955413150787354	0.02174922394752502
810	0.44009482860565186	0.4495546605587005	0.019459831953048703
811	0.43895047903060913	0.449555006980896	0.02060452795028686
812	0.4389505684375763	0.4495550963878632	0.02060452795028686
813	0.43895184993743896	0.44955637788772584	0.02060452795028686
814	0.4373573362827301	0.44910656023025514	0.02174922394752502
815	0.4374999403953552	0.44924916434288026	0.02174922394752502
816	0.43753644824028015	0.4492856721878052	0.02174922394752502
817	0.44009774923324585	0.4495575811862945	0.019459831953048703
818	0.4400979280471802	0.44955776000022885	0.019459831953048703
819	0.43895360827445984	0.4495581362247467	0.02060452795028686
820	0.4378090798854828	0.4495583038330078	0.02174922394752502
821	0.44009849429130554	0.4495583262443542	0.019459831953048703
822	0.43780913949012756	0.4495583634376526	0.02174922394752502
823	0.4378092885017395	0.44955851244926454	0.02174922394752502
824	0.43895429372787476	0.44955882167816164	0.02060452795028686
825	0.43780964612960815	0.4495588700771332	0.02174922394752502
826	0.43781018257141113	0.44955940651893617	0.02174922394752502
827	0.43781018257141113	0.44955940651893617	0.02174922394752502
828	0.4401003420352936	0.44956017398834225	0.019459831953048703
829	0.4401003420352936	0.44956017398834225	0.019459831953048703
830	0.44124525785446167	0.4495603938102722	0.018315135955810545
831	0.4378122091293335	0.44956143307685853	0.02174922394752502
832	0.43781328201293945	0.4495625059604645	0.02174922394752502
833	0.43895840644836426	0.44956293439865114	0.02060452795028686
834	0.4401032626628876	0.44956309461593624	0.019459831953048703
835	0.437813937664032	0.449563161611557	0.02174922394752502
836	0.43781423568725586	0.4495634596347809	0.02174922394752502
837	0.43781450390815735	0.4495637278556824	0.02174922394752502
838	0.44010478258132935	0.449564614534378	0.019459831953048703
839	0.4378155767917633	0.44956480073928834	0.02174922394752502
840	0.440105140209198	0.44956497216224667	0.019459831953048703
841	0.44010522961616516	0.44956506156921383	0.019459831953048703
842	0.4401053488254547	0.4495651807785034	0.019459831953048703
843	0.43781617283821106	0.4495653967857361	0.02174922394752502
844	0.4378170073032379	0.44956623125076295	0.02174922394752502
845	0.4389617145061493	0.44956624245643617	0.02060452795028686
846	0.4389617443084717	0.44956627225875856	0.02060452795028686
847	0.4401070773601532	0.44956690931320187	0.019459831953048703
848	0.43896299600601196	0.44956752395629884	0.02060452795028686
849	0.4401077330112457	0.4495675649642944	0.019459831953048703
850	0.4401077330112457	0.4495675649642944	0.019459831953048703
851	0.43781962990760803	0.44956885385513307	0.02174922394752502
852	0.44239845871925354	0.4495688986778259	0.017170439958572387
853	0.43782010674476624	0.44956933069229127	0.02174922394752502
854	0.44011029601097107	0.44957012796401974	0.019459831953048703
855	0.4378209114074707	0.44957013535499574	0.02174922394752502
856	0.4378228783607483	0.4495721023082733	0.02174922394752502
857	0.441257119178772	0.4495722551345825	0.018315135955810545
858	0.4401133358478546	0.4495731678009033	0.019459831953048703
859	0.4401133954524994	0.44957322740554806	0.019459831953048703
860	0.44011351466178894	0.4495733466148376	0.019459831953048703
861	0.43896886706352234	0.4495733950138092	0.02060452795028686
862	0.43782421946525574	0.44957344341278077	0.02174922394752502
863	0.43782421946525574	0.44957344341278077	0.02174922394752502
864	0.44125840067863464	0.44957353663444516	0.018315135955810545
865	0.43896910548210144	0.4495736334323883	0.02060452795028686
866	0.4389692544937134	0.44957378244400026	0.02060452795028686
867	0.43782520294189453	0.44957442688941956	0.02174922394752502
868	0.43897104263305664	0.4495755705833435	0.02060452795028686
869	0.44011589884757996	0.4495757308006286	0.019459831953048703
870	0.436470627784729	0.4470751557350159	0.02060452795028686
871	0.43685558438301086	0.44746011233329774	0.02060452795028686
872	0.43694305419921875	0.44754758214950563	0.02060452795028686
873	0.43699008226394653	0.4475946102142334	0.02060452795028686
874	0.4370657801628113	0.44767030811309816	0.02060452795028686
875	0.4370668828487396	0.4476714107990265	0.02060452795028686
876	0.4361913502216339	0.44794057416915894	0.02174922394752502
877	0.43745073676109314	0.44805526471138	0.02060452795028686
878	0.43639615178108215	0.4481453757286072	0.02174922394752502
879	0.43642139434814453	0.44817061829566956	0.02174922394752502
880	0.43643248081207275	0.4481817047595978	0.02174922394752502
881	0.4364374577999115	0.44818668174743653	0.02174922394752502
882	0.43644970655441284	0.4481989305019379	0.02174922394752502
883	0.4364621639251709	0.44821138787269593	0.02174922394752502
884	0.4364623427391052	0.44821156668663026	0.02174922394752502
885	0.43646448850631714	0.4482137124538422	0.02174922394752502
886	0.4364652633666992	0.44821448731422425	0.02174922394752502
887	0.4364679157733917	0.44821713972091676	0.02174922394752502
888	0.4364701211452484	0.44821934509277345	0.02174922394752502
889	0.436470627784729	0.44821985173225404	0.02174922394752502
890	0.436470627784729	0.44821985173225404	0.02174922394752502
891	0.43647313117980957	0.4482223551273346	0.02174922394752502
892	0.43647506833076477	0.4482242922782898	0.02174922394752502
893	0.43647515773773193	0.44822438168525697	0.02174922394752502
894	0.43647900223731995	0.448228226184845	0.02174922394752502
895	0.4364812672138214	0.44823049116134644	0.02174922394752502
896	0.43648430705070496	0.44823353099823	0.02174922394752502
897	0.4364999532699585	0.44824917721748353	0.02174922394752502
898	0.4365043044090271	0.44825352835655213	0.02174922394752502
899	0.43650856614112854	0.4482577900886536	0.02174922394752502
900	0.4365170896053314	0.44826631355285645	0.02174922394752502
901	0.43652021884918213	0.44826944279670716	0.02174922394752502
902	0.4365262985229492	0.44827552247047425	0.02174922394752502
903	0.4365275800228119	0.4482768039703369	0.02174922394752502
904	0.4365312457084656	0.4482804696559906	0.02174922394752502
905	0.43654969334602356	0.4482989172935486	0.02174922394752502
906	0.43655312061309814	0.4483023445606232	0.02174922394752502
907	0.43655481934547424	0.4483040432929993	0.02174922394752502
908	0.43658578395843506	0.4483350079059601	0.02174922394752502
909	0.4366667568683624	0.44841598081588746	0.02174922394752502
910	0.4366692304611206	0.44841845440864564	0.02174922394752502
911	0.4367000460624695	0.4484492700099945	0.02174922394752502
912	0.4367590546607971	0.44850827860832215	0.02174922394752502
913	0.4367717504501343	0.4485209743976593	0.02174922394752502
914	0.43678128719329834	0.4485305111408234	0.02174922394752502
915	0.43679115176200867	0.4485403757095337	0.02174922394752502
916	0.43679511547088623	0.44854433941841126	0.02174922394752502
917	0.437946617603302	0.4485511455535889	0.02060452795028686
918	0.4368051290512085	0.44855435299873353	0.02174922394752502
919	0.4368129372596741	0.4485621612071991	0.02174922394752502
920	0.43681806325912476	0.4485672872066498	0.02174922394752502
921	0.43682241439819336	0.4485716383457184	0.02174922394752502
922	0.4368254542350769	0.44857467818260194	0.02174922394752502
923	0.43683478236198425	0.4485840063095093	0.02174922394752502
924	0.43683597445487976	0.4485851984024048	0.02174922394752502
925	0.43683645129203796	0.448585675239563	0.02174922394752502
926	0.4368472099304199	0.44859643387794496	0.02174922394752502
927	0.4368473291397095	0.4485965530872345	0.02174922394752502
928	0.4368498623371124	0.44859908628463746	0.02174922394752502
929	0.4368502199649811	0.4485994439125061	0.02174922394752502
930	0.43685176968574524	0.4486009936332703	0.02174922394752502
931	0.43685382604599	0.448603049993515	0.02174922394752502
932	0.43685558438301086	0.4486048083305359	0.02174922394752502
933	0.43685558438301086	0.4486048083305359	0.02174922394752502
934	0.43685558438301086	0.4486048083305359	0.02174922394752502
935	0.43685558438301086	0.4486048083305359	0.02174922394752502
936	0.436860054731369	0.44860927867889405	0.02174922394752502
937	0.4368639588356018	0.44861318278312684	0.02174922394752502
938	0.43686649203300476	0.4486157159805298	0.02174922394752502
939	0.43686825037002563	0.44861747431755067	0.02174922394752502
940	0.4368686378002167	0.4486178617477417	0.02174922394752502
941	0.4368753135204315	0.44862453746795655	0.02174922394752502
942	0.4368828237056732	0.44863204765319825	0.02174922394752502
943	0.43688443303108215	0.4486336569786072	0.02174922394752502
944	0.4368870258331299	0.4486362497806549	0.02174922394752502
945	0.43688926100730896	0.448638484954834	0.02174922394752502
946	0.4368899166584015	0.4486391406059265	0.02174922394752502
947	0.43689385056495667	0.4486430745124817	0.02174922394752502
948	0.4369027018547058	0.44865192580223084	0.02174922394752502
949	0.4369032680988312	0.4486524920463562	0.02174922394752502
950	0.4369090795516968	0.4486583034992218	0.02174922394752502
951	0.43690985441207886	0.4486590783596039	0.02174922394752502
952	0.43691015243530273	0.44865937638282777	0.02174922394752502
953	0.436912477016449	0.448661700963974	0.02174922394752502
954	0.43691346049308777	0.4486626844406128	0.02174922394752502
955	0.4369157552719116	0.44866497921943665	0.02174922394752502
956	0.43691590428352356	0.4486651282310486	0.02174922394752502
957	0.4369204044342041	0.44866962838172914	0.02174922394752502
958	0.4369228184223175	0.44867204236984254	0.02174922394752502
959	0.4369320869445801	0.4486813108921051	0.02174922394752502
960	0.4369346797466278	0.44868390369415284	0.02174922394752502
961	0.4369364082813263	0.4486856322288513	0.02174922394752502
962	0.4369365870952606	0.44868581104278565	0.02174922394752502
963	0.43693748116493225	0.4486867051124573	0.02174922394752502
964	0.4369376599788666	0.4486868839263916	0.02174922394752502
965	0.43693774938583374	0.4486869733333588	0.02174922394752502
966	0.4369400441646576	0.4486892681121826	0.02174922394752502
967	0.436942994594574	0.448692218542099	0.02174922394752502
968	0.43694305419921875	0.4486922781467438	0.02174922394752502
969	0.43694305419921875	0.4486922781467438	0.02174922394752502
970	0.4369438886642456	0.44869311261177064	0.02174922394752502
971	0.43694746494293213	0.44869668889045716	0.02174922394752502
972	0.4369514286518097	0.4487006525993347	0.02174922394752502
973	0.43695366382598877	0.4487028877735138	0.02174922394752502
974	0.43695691227912903	0.44870613622665406	0.02174922394752502
975	0.43695977330207825	0.4487089972496033	0.02174922394752502
976	0.4369626045227051	0.4487118284702301	0.02174922394752502
977	0.4369703233242035	0.4487195472717285	0.02174922394752502
978	0.4369763135910034	0.44872553753852845	0.02174922394752502
979	0.4369766414165497	0.4487258653640747	0.02174922394752502
980	0.436981201171875	0.44873042511940003	0.02174922394752502
981	0.4369817078113556	0.4487309317588806	0.02174922394752502
982	0.4369826316833496	0.44873185563087464	0.02174922394752502
983	0.43698471784591675	0.4487339417934418	0.02174922394752502
984	0.43698978424072266	0.4487390081882477	0.02174922394752502
985	0.43699008226394653	0.44873930621147157	0.02174922394752502
986	0.43699008226394653	0.44873930621147157	0.02174922394752502
987	0.43699127435684204	0.4487404983043671	0.02174922394752502
988	0.43699216842651367	0.4487413923740387	0.02174922394752502
989	0.4369944930076599	0.44874371695518495	0.02174922394752502
990	0.43699759244918823	0.44874681639671327	0.02174922394752502
991	0.4369983971118927	0.44874762105941773	0.02174922394752502
992	0.43699997663497925	0.4487492005825043	0.02174922394752502
993	0.43700647354125977	0.4487556974887848	0.02174922394752502
994	0.4370110332965851	0.4487602572441101	0.02174922394752502
995	0.43701398372650146	0.4487632076740265	0.02174922394752502
996	0.4370163679122925	0.4487655918598175	0.02174922394752502
997	0.4370174705982208	0.44876669454574586	0.02174922394752502
998	0.4370182454586029	0.44876746940612794	0.02174922394752502
999	0.43701842427253723	0.44876764822006227	0.02174922394752502
1000	0.43702203035354614	0.4487712543010712	0.02174922394752502

Best Loss: 0.4361913502216339

Training Times (seconds): [97.14494526700003]
