Iteration	Loss (h + target_loss)	Total Cost (f)	Cost g
1	1.3257654905319214	1.3157654905319214	0
2	1.2532137632369995	1.2445395287275314	0.0013257654905319213
3	1.1393194198608398	1.1319709508419036	0.0026515309810638426
4	0.9616219997406006	0.9555992962121963	0.003977296471595764
5	0.7636799216270447	0.7589829835891724	0.005303061962127685
6	0.561014711856842	0.5576435393095016	0.006628827452659606
7	0.43775901198387146	0.43571360492706296	0.007954592943191528
8	0.41744348406791687	0.4167238425016403	0.00928035843372345
9	0.41419073939323425	0.4147968633174896	0.010606123924255372
10	0.4125042259693146	0.41443611538410186	0.011931889414787294
11	0.4108341932296753	0.4140918481349945	0.013257654905319216
12	0.4093691408634186	0.4139525612592697	0.014583420395851138
13	0.4080815315246582	0.41399071741104126	0.01590918588638306
14	0.408099889755249	0.4140090756416321	0.01590918588638306
15	0.4067992866039276	0.4140342379808426	0.01723495137691498
16	0.4069044291973114	0.4141393805742264	0.01723495137691498
17	0.40959516167640686	0.414178582072258	0.014583420395851138
18	0.4056335985660553	0.4141943154335022	0.0185607168674469
19	0.4070173501968384	0.41425230157375337	0.01723495137691498
20	0.40573546290397644	0.41429617977142336	0.0185607168674469
21	0.4084424376487732	0.41435162353515625	0.01590918588638306
22	0.4058323800563812	0.41439309692382814	0.0185607168674469
23	0.40450993180274963	0.4143964141607284	0.01988648235797882
24	0.4022686183452606	0.41348086619377133	0.02121224784851074
25	0.4008271396160126	0.4133651529550552	0.02253801333904266
26	0.39940908551216125	0.4132728643417358	0.02386377882957458
27	0.39807355403900146	0.41326309835910796	0.0251895443201065
28	0.3981350362300873	0.4133245805501938	0.0251895443201065
29	0.39949342608451843	0.413357204914093	0.02386377882957458
30	0.3968603014945984	0.4133756113052368	0.026515309810638422
31	0.4008535146713257	0.4133915280103683	0.02253801333904266
32	0.39948078989982605	0.4133445687294006	0.02386377882957458
33	0.3995560109615326	0.41341978979110716	0.02386377882957458
34	0.3969152867794037	0.4134305965900421	0.026515309810638422
35	0.4008975327014923	0.41343554604053495	0.02253801333904266
36	0.39826321601867676	0.41345276033878325	0.0251895443201065
37	0.3982832729816437	0.4134728173017502	0.0251895443201065
38	0.3983369767665863	0.4135265210866928	0.0251895443201065
39	0.39702072739601135	0.4135360372066498	0.026515309810638422
40	0.39968162775039673	0.4135454065799713	0.02386377882957458
41	0.39578351378440857	0.4136245890855789	0.027841075301170342
42	0.39844462275505066	0.41363416707515716	0.0251895443201065
43	0.39715278148651123	0.41366809129714965	0.026515309810638422
44	0.3956618309020996	0.41350290620326996	0.027841075301170342
45	0.39438557624816895	0.4135524170398712	0.029166840791702262
46	0.39443689584732056	0.41360373663902283	0.029166840791702262
47	0.3958270847797394	0.41366816008090973	0.027841075301170342
48	0.3971903920173645	0.4137057018280029	0.026515309810638422
49	0.39587655663490295	0.4137176319360733	0.027841075301170342
50	0.39720848202705383	0.41372379183769226	0.026515309810638422
51	0.39720967411994934	0.41372498393058776	0.026515309810638422
52	0.3957187533378601	0.41355982863903046	0.027841075301170342
53	0.3945499360561371	0.41371677684783936	0.029166840791702262
54	0.3932458460330963	0.41373845231533046	0.030492606282234182
55	0.39855146408081055	0.41374100840091704	0.0251895443201065
56	0.39706048369407654	0.41357579350471496	0.026515309810638422
57	0.39592069387435913	0.4137617691755295	0.027841075301170342
58	0.3972531855106354	0.4137684953212738	0.026515309810638422
59	0.3959278464317322	0.41376892173290253	0.027841075301170342
60	0.3933015465736389	0.41379415285587307	0.030492606282234182
61	0.3986104726791382	0.4138000169992447	0.0251895443201065
62	0.39863863587379456	0.41382818019390105	0.0251895443201065
63	0.3971477448940277	0.41366305470466613	0.026515309810638422
64	0.39585885405540466	0.413699929356575	0.027841075301170342
65	0.3973442018032074	0.4138595116138458	0.026515309810638422
66	0.3973498046398163	0.4138651144504547	0.026515309810638422
67	0.3933733403682709	0.413865946650505	0.030492606282234182
68	0.39471307396888733	0.4138799147605896	0.029166840791702262
69	0.39604082703590393	0.4138819023370743	0.027841075301170342
70	0.39605578780174255	0.4138968631029129	0.027841075301170342
71	0.3947368264198303	0.4139036672115326	0.029166840791702262
72	0.39875268936157227	0.41394223368167876	0.0251895443201065
73	0.39726167917251587	0.4137769889831543	0.026515309810638422
74	0.3960297703742981	0.41387084567546845	0.027841075301170342
75	0.4000799357891083	0.41394371461868285	0.02386377882957458
76	0.39858898520469666	0.41377852952480315	0.0251895443201065
77	0.39479246735572815	0.4139593081474304	0.029166840791702262
78	0.3987806737422943	0.4139702180624008	0.0251895443201065
79	0.39748257398605347	0.4139978837966919	0.026515309810638422
80	0.40013667941093445	0.414000458240509	0.02386377882957458
81	0.39864569902420044	0.41383524334430694	0.0251895443201065
82	0.39749565720558167	0.4140109670162201	0.026515309810638422
83	0.3948502242565155	0.4140170650482178	0.029166840791702262
84	0.3948642909526825	0.4140311317443848	0.029166840791702262
85	0.3935408294200897	0.41403343570232387	0.030492606282234182
86	0.39752069115638733	0.41403600096702575	0.026515309810638422
87	0.4001750349998474	0.414038813829422	0.02386377882957458
88	0.3988499343395233	0.4140394786596298	0.0251895443201065
89	0.39620405435562134	0.4140451296567917	0.027841075301170342
90	0.3948874771595001	0.4140543179512024	0.029166840791702262
91	0.4001992344856262	0.4140630133152008	0.02386377882957458
92	0.39755454659461975	0.4140698564052582	0.026515309810638422
93	0.3922642171382904	0.4140825889110565	0.031818371772766106
94	0.39625245332717896	0.4140935286283493	0.027841075301170342
95	0.4015592038631439	0.41409721720218656	0.02253801333904266
96	0.39228391647338867	0.41410228824615475	0.031818371772766106
97	0.3989161252975464	0.4141056696176529	0.0251895443201065
98	0.39493975043296814	0.4141065912246704	0.029166840791702262
99	0.4002467691898346	0.41411054801940916	0.02386377882957458
100	0.40025565028190613	0.4141194291114807	0.02386377882957458
101	0.3962784707546234	0.41411954605579376	0.027841075301170342
102	0.39496049284935	0.41412733364105225	0.029166840791702262
103	0.4015907049179077	0.41412871825695036	0.02253801333904266
104	0.39894017577171326	0.41412972009181975	0.0251895443201065
105	0.40026727318763733	0.4141310520172119	0.02386377882957458
106	0.39631447196006775	0.4141555472612381	0.027841075301170342
107	0.39897608757019043	0.4141656318902969	0.0251895443201065
108	0.39633291959762573	0.4141739948987961	0.027841075301170342
109	0.3989960551261902	0.4141855994462967	0.0251895443201065
110	0.40032559633255005	0.4141893751621246	0.02386377882957458
111	0.39767417311668396	0.4141894829273224	0.026515309810638422
112	0.39767804741859436	0.4141933572292328	0.026515309810638422
113	0.39370131492614746	0.4141939212083816	0.030492606282234182
114	0.39768052101135254	0.41419583082199096	0.026515309810638422
115	0.39503180980682373	0.414198650598526	0.029166840791702262
116	0.3990122675895691	0.4142018119096756	0.0251895443201065
117	0.3990160822868347	0.4142056266069412	0.0251895443201065
118	0.39239302277565	0.4142113945484161	0.031818371772766106
119	0.40168312191963196	0.4142211352586746	0.02253801333904266
120	0.40019217133522034	0.4140559501647949	0.02386377882957458
121	0.39770737290382385	0.4142226827144623	0.026515309810638422
122	0.3963855803012848	0.41422665560245514	0.027841075301170342
123	0.39638960361480713	0.4142306789159775	0.027841075301170342
124	0.4003758132457733	0.4142395920753479	0.02386377882957458
125	0.39905279874801636	0.41424234306812285	0.0251895443201065
126	0.3950769007205963	0.4142437415122986	0.029166840791702262
127	0.393755167722702	0.4142477740049362	0.030492606282234182
128	0.3977420926094055	0.41425740242004394	0.026515309810638422
129	0.3950917720794678	0.41425861287117005	0.029166840791702262
130	0.3990766704082489	0.4142662147283554	0.0251895443201065
131	0.3937748372554779	0.41426744353771205	0.030492606282234182
132	0.397756427526474	0.4142717373371124	0.026515309810638422
133	0.39643076062202454	0.4142718359231949	0.027841075301170342
134	0.3977602422237396	0.41427555203437805	0.026515309810638422
135	0.3990877568721771	0.4142773011922836	0.0251895443201065
136	0.3924593925476074	0.4142777643203735	0.031818371772766106
137	0.3964385986328125	0.41427967393398285	0.027841075301170342
138	0.403067946434021	0.4142801942825317	0.02121224784851074
139	0.4017339050769806	0.41427191841602323	0.02253801333904266
140	0.3977710008621216	0.41428631067276	0.026515309810638422
141	0.3990970551967621	0.4142865995168686	0.0251895443201065
142	0.3964673578739166	0.414308433175087	0.027841075301170342
143	0.39514869451522827	0.41431553530693055	0.029166840791702262
144	0.39912712574005127	0.41431667006015777	0.0251895443201065
145	0.39913272857666016	0.41432227289676665	0.0251895443201065
146	0.3978078365325928	0.4143231463432312	0.026515309810638422
147	0.40046045184135437	0.41432423067092894	0.02386377882957458
148	0.3964861035346985	0.41432717883586884	0.027841075301170342
149	0.39781421422958374	0.41432952404022216	0.026515309810638422
150	0.4017963111400604	0.41433432447910307	0.02253801333904266
151	0.396502286195755	0.41434336149692536	0.027841075301170342
152	0.3978281319141388	0.4143434417247772	0.026515309810638422
153	0.40313857793807983	0.41435082578659055	0.02121224784851074
154	0.3951922655105591	0.41435910630226136	0.029166840791702262
155	0.3965204656124115	0.41436154091358185	0.027841075301170342
156	0.3938696086406708	0.4143622149229049	0.030492606282234182
157	0.39652225375175476	0.4143633290529251	0.027841075301170342
158	0.39388400316238403	0.4143766094446182	0.030492606282234182
159	0.39786168932914734	0.41437699913978576	0.026515309810638422
160	0.39653950929641724	0.4143805845975876	0.027841075301170342
161	0.39786726236343384	0.41438257217407226	0.026515309810638422
162	0.39787015318870544	0.41438546299934387	0.026515309810638422
163	0.39919719099998474	0.41438673532009124	0.0251895443201065
164	0.40052324533462524	0.4143870241641998	0.02386377882957458
165	0.39654991030693054	0.4143909856081009	0.027841075301170342
166	0.3992043435573578	0.4143938878774643	0.0251895443201065
167	0.3952302932739258	0.41439713406562806	0.029166840791702262
168	0.4005345106124878	0.41439828944206236	0.02386377882957458
169	0.3978850841522217	0.4144003939628601	0.026515309810638422
170	0.3978877663612366	0.414403076171875	0.026515309810638422
171	0.3939160704612732	0.41440867674350734	0.030492606282234182
172	0.40054553747177124	0.4144093163013458	0.02386377882957458
173	0.4005553126335144	0.414419091463089	0.02386377882957458
174	0.39923322200775146	0.41442276632785796	0.0251895443201065
175	0.3965827524662018	0.41442382776737213	0.027841075301170342
176	0.39791053533554077	0.4144258451461792	0.026515309810638422
177	0.39791175723075867	0.4144270670413971	0.026515309810638422
178	0.3979125916957855	0.41442790150642395	0.026515309810638422
179	0.39791586995124817	0.4144311797618866	0.026515309810638422
180	0.39924198389053345	0.41443152821063994	0.0251895443201065
181	0.39924246072769165	0.41443200504779815	0.0251895443201065
182	0.39659443497657776	0.4144355102777481	0.027841075301170342
183	0.3965964615345001	0.4144375368356705	0.027841075301170342
184	0.3992483913898468	0.4144379357099533	0.0251895443201065
185	0.3979252576828003	0.4144405674934387	0.026515309810638422
186	0.4005771577358246	0.41444093656539915	0.02386377882957458
187	0.3939504027366638	0.41444300901889797	0.030492606282234182
188	0.3979283273220062	0.41444363713264465	0.026515309810638422
189	0.3979295492172241	0.41444485902786254	0.026515309810638422
190	0.395278662443161	0.4144455032348633	0.029166840791702262
191	0.3966066241264343	0.4144476994276047	0.027841075301170342
192	0.4005884826183319	0.4144522614479065	0.02386377882957458
193	0.3952893316745758	0.4144561724662781	0.029166840791702262
194	0.3979419469833374	0.4144572567939758	0.026515309810638422
195	0.39927005767822266	0.41445960199832915	0.0251895443201065
196	0.40192243456840515	0.4144604479074478	0.02253801333904266
197	0.3966212272644043	0.41446230256557465	0.027841075301170342
198	0.4125306308269501	0.41446252024173735	0.011931889414787294
199	0.4110753536224365	0.41433300852775573	0.013257654905319216
200	0.40942054986953735	0.4140039702653885	0.014583420395851138
201	0.40792399644851685	0.4138331823348999	0.01590918588638306
202	0.4064704477787018	0.41370539915561677	0.01723495137691498
203	0.40514740347862244	0.41370812034606935	0.0185607168674469
204	0.4051576554775238	0.4137183723449707	0.0185607168674469
205	0.40385961532592773	0.4137460976839065	0.01988648235797882
206	0.406602144241333	0.413837095618248	0.01723495137691498
207	0.4039776623249054	0.4138641446828842	0.01988648235797882
208	0.4040201008319855	0.41390658318996426	0.01988648235797882
209	0.4080006182193756	0.41390980410575867	0.01590918588638306
210	0.4066951274871826	0.4139300788640976	0.01723495137691498
211	0.4027279019355774	0.4139401497840881	0.02121224784851074
212	0.40278589725494385	0.41399814510345456	0.02121224784851074
213	0.4054470658302307	0.41400778269767763	0.0185607168674469
214	0.40549877285957336	0.4140594897270203	0.0185607168674469
215	0.4029228985309601	0.4141351463794708	0.02121224784851074
216	0.4017297625541687	0.41426777589321134	0.02253801333904266
217	0.40174171328544617	0.4142797266244888	0.02253801333904266
218	0.40307745337486267	0.4142897012233734	0.02121224784851074
219	0.4044063985347748	0.41429288089275357	0.01988648235797882
220	0.4057735800743103	0.4143342969417572	0.0185607168674469
221	0.4044507145881653	0.41433719694614407	0.01988648235797882
222	0.4110998511314392	0.4143575060367584	0.013257654905319216
223	0.4097490608692169	0.41433248126506805	0.014583420395851138
224	0.40978899598121643	0.41437241637706757	0.014583420395851138
225	0.4058220088481903	0.4143827257156372	0.0185607168674469
226	0.4044472575187683	0.4143337398767471	0.01988648235797882
227	0.4026740789413452	0.41388632678985593	0.02121224784851074
228	0.40107262134552	0.41361063468456266	0.02253801333904266
229	0.3995460867881775	0.41340986561775206	0.02386377882957458
230	0.3981492817401886	0.4133388260602951	0.0251895443201065
231	0.39687517285346985	0.41339048266410827	0.026515309810638422
232	0.3982062339782715	0.413395778298378	0.0251895443201065
233	0.39692628383636475	0.41344159364700317	0.026515309810638422
234	0.39963310956954956	0.41349688839912413	0.02386377882957458
235	0.398345947265625	0.4135354915857315	0.0251895443201065
236	0.3970393240451813	0.4135546338558197	0.026515309810638422
237	0.39573752880096436	0.4135786041021347	0.027841075301170342
238	0.39579319953918457	0.4136342748403549	0.027841075301170342
239	0.4011293947696686	0.4136674081087112	0.02253801333904266
240	0.3997470736503601	0.4136108524799347	0.02386377882957458
241	0.3958646059036255	0.41370568120479584	0.027841075301170342
242	0.39851683378219604	0.41370637810230254	0.0251895443201065
243	0.39720189571380615	0.4137172055244446	0.026515309810638422
244	0.3960321545600891	0.41387322986125946	0.027841075301170342
245	0.39871662855148315	0.41390617287158965	0.0251895443201065
246	0.3947581648826599	0.4139250056743622	0.029166840791702262
247	0.3974286615848541	0.41394397139549255	0.026515309810638422
248	0.39477765560150146	0.41394449639320374	0.029166840791702262
249	0.40008166432380676	0.41394544315338133	0.02386377882957458
250	0.3987620174884796	0.4139515618085861	0.0251895443201065
251	0.397458016872406	0.41397332668304443	0.026515309810638422
252	0.39619186520576477	0.4140329405069351	0.027841075301170342
253	0.4001719057559967	0.4140356845855713	0.02386377882957458
254	0.39753222465515137	0.4140475344657898	0.026515309810638422
255	0.3948867917060852	0.4140536324977875	0.029166840791702262
256	0.3975798487663269	0.4140951585769653	0.026515309810638422
257	0.4015735387802124	0.41411155211925504	0.02253801333904266
258	0.3989247679710388	0.4141143122911453	0.0251895443201065
259	0.39892804622650146	0.41411759054660796	0.0251895443201065
260	0.39495256543159485	0.4141194062232971	0.029166840791702262
261	0.39760419726371765	0.4141195070743561	0.026515309810638422
262	0.40291234850883484	0.41412459635734555	0.02121224784851074
263	0.4015148878097534	0.41405290114879606	0.02253801333904266
264	0.40024739503860474	0.4141111738681793	0.02386377882957458
265	0.397636741399765	0.41415205121040344	0.026515309810638422
266	0.3990064263343811	0.4141959706544876	0.0251895443201065
267	0.39635586738586426	0.4141969426870346	0.027841075301170342
268	0.39635974168777466	0.414200816988945	0.027841075301170342
269	0.3963821828365326	0.41422325813770294	0.027841075301170342
270	0.39640605449676514	0.4142471297979355	0.027841075301170342
271	0.40039685368537903	0.4142606325149536	0.02386377882957458
272	0.3964213728904724	0.41426244819164276	0.027841075301170342
273	0.3945990204811096	0.4137658612728119	0.029166840791702262
274	0.39327794313430786	0.413770549416542	0.030492606282234182
275	0.3933134973049164	0.41380610358715053	0.030492606282234182
276	0.39208146929740906	0.41389984107017513	0.031818371772766106
277	0.39213091135025024	0.4139492831230163	0.031818371772766106
278	0.3922160863876343	0.41403445816040035	0.031818371772766106
279	0.391039103269577	0.41418324053287503	0.033144137263298026
280	0.3910890221595764	0.4142331594228744	0.033144137263298026
281	0.39510032534599304	0.4142671661376953	0.029166840791702262
282	0.3977662920951843	0.41428160190582275	0.026515309810638422
283	0.39114418625831604	0.41428832352161404	0.033144137263298026
284	0.39910247921943665	0.41429202353954314	0.0251895443201065
285	0.3951358199119568	0.41430266070365906	0.029166840791702262
286	0.3991204798221588	0.4143100241422653	0.0251895443201065
287	0.39647263288497925	0.4143137081861496	0.027841075301170342
288	0.4004535973072052	0.41431737613677977	0.02386377882957458
289	0.39517226815223694	0.4143391089439392	0.029166840791702262
290	0.3978315591812134	0.4143468689918518	0.026515309810638422
291	0.3965145945549011	0.4143556698560715	0.027841075301170342
292	0.39651909470558167	0.414360170006752	0.027841075301170342
293	0.39652198553085327	0.4143630608320236	0.027841075301170342
294	0.3946996033191681	0.41386644411087037	0.029166840791702262
295	0.3934656083583832	0.41395821464061733	0.030492606282234182
296	0.39237722754478455	0.4141955993175506	0.031818371772766106
297	0.40183791518211365	0.4143759285211563	0.02253801333904266
298	0.4044993221759796	0.4143858045339584	0.01988648235797882
299	0.4005225896835327	0.4143863685131073	0.02386377882957458
300	0.3990316390991211	0.4142211834192276	0.0251895443201065
301	0.39776259660720825	0.4142779064178467	0.026515309810638422
302	0.40450555086135864	0.41439203321933743	0.01988648235797882
303	0.40450581908226013	0.4143923014402389	0.01988648235797882
304	0.40450921654701233	0.4143956989049911	0.01988648235797882
305	0.3939038813114166	0.4143964875936508	0.030492606282234182
306	0.40848734974861145	0.4143965356349945	0.01590918588638306
307	0.40981578826904297	0.4143992086648941	0.014583420395851138
308	0.39391496777534485	0.414407574057579	0.030492606282234182
309	0.393921822309494	0.41441442859172817	0.030492606282234182
310	0.40718039870262146	0.41441535007953645	0.01723495137691498
311	0.39657559990882874	0.4144166752099991	0.027841075301170342
312	0.39475327730178833	0.4139201180934906	0.029166840791702262
313	0.3935677409172058	0.41406034719943996	0.030492606282234182
314	0.39253973960876465	0.4143581113815307	0.031818371772766106
315	0.39790257811546326	0.4144178879261017	0.026515309810638422
316	0.40983667969703674	0.4144201000928879	0.014583420395851138
317	0.40827643871307373	0.4141856245994568	0.01590918588638306
318	0.40572091937065125	0.41295587074756623	0.01723495137691498
319	0.4039500057697296	0.41251072263717653	0.0185607168674469
320	0.40234044194221497	0.41222692430019375	0.01988648235797882
321	0.40080201625823975	0.41201426410675046	0.02121224784851074
322	0.3993574380874634	0.411895451426506	0.02253801333904266
323	0.3980218768119812	0.41188565564155577	0.02386377882957458
324	0.39808323979377747	0.41194701862335203	0.02386377882957458
325	0.3994292616844177	0.41196727502346037	0.02253801333904266
326	0.39680853486061096	0.41199807918071746	0.0251895443201065
327	0.39686164259910583	0.41205118691921233	0.0251895443201065
328	0.39686357975006104	0.41205312407016753	0.0251895443201065
329	0.398197203874588	0.4120609827041626	0.02386377882957458
330	0.39821165800094604	0.4120754368305206	0.02386377882957458
331	0.4008844494819641	0.4120966973304748	0.02121224784851074
332	0.3995741307735443	0.41211214411258695	0.02253801333904266
333	0.3969230353832245	0.412112579703331	0.0251895443201065
334	0.39826899766921997	0.41213277649879454	0.02386377882957458
335	0.3969688415527344	0.41215838587284087	0.0251895443201065
336	0.3956483006477356	0.412163610458374	0.026515309810638422
337	0.399641752243042	0.41217976558208463	0.02253801333904266
338	0.39570334553718567	0.4122186553478241	0.026515309810638422
339	0.39705145359039307	0.41224099791049956	0.0251895443201065
340	0.39573174715042114	0.41224705696105957	0.026515309810638422
341	0.39972421526908875	0.4122622286081314	0.02253801333904266
342	0.39840173721313477	0.41226551604270933	0.02386377882957458
343	0.39841389656066895	0.4122776753902435	0.02386377882957458
344	0.39577516913414	0.41229047894477844	0.026515309810638422
345	0.4024277329444885	0.4123142153024673	0.01988648235797882
346	0.40104514360427856	0.4122573914527893	0.02121224784851074
347	0.395808607339859	0.41232391715049743	0.026515309810638422
348	0.3971388638019562	0.4123284081220627	0.0251895443201065
349	0.39979448914527893	0.4123325024843216	0.02253801333904266
350	0.3958689868450165	0.4123842966556549	0.026515309810638422
351	0.4011802077293396	0.4123924555778503	0.02121224784851074
352	0.3945714831352234	0.41241255843639374	0.027841075301170342
353	0.3998849391937256	0.4124229525327682	0.02253801333904266
354	0.397241473197937	0.4124310175180435	0.0251895443201065
355	0.39461493492126465	0.412456010222435	0.027841075301170342
356	0.40126749873161316	0.4124797465801239	0.02121224784851074
357	0.39597856998443604	0.41249387979507446	0.026515309810638422
358	0.39863428473472595	0.4124980635643005	0.02386377882957458
359	0.396003782749176	0.41251909255981445	0.026515309810638422
360	0.3986682593822479	0.4125320382118225	0.02386377882957458
361	0.397359699010849	0.4125492433309555	0.0251895443201065
362	0.3947087824344635	0.41254985773563385	0.027841075301170342
363	0.39872902631759644	0.412592805147171	0.02386377882957458
364	0.401409387588501	0.4126216354370117	0.02121224784851074
365	0.40008896589279175	0.4126269792318344	0.02253801333904266
366	0.3974440395832062	0.4126335839033127	0.0251895443201065
367	0.39479827880859375	0.4126393541097641	0.027841075301170342
368	0.3934824764728546	0.4126493172645569	0.029166840791702262
369	0.40012356638908386	0.4126615797281265	0.02253801333904266
370	0.398798406124115	0.41266218495368956	0.02386377882957458
371	0.40278974175453186	0.41267622411251065	0.01988648235797882
372	0.3948356509208679	0.41267672622203827	0.027841075301170342
373	0.39219024777412415	0.4126828540563583	0.030492606282234182
374	0.39484357833862305	0.4126846536397934	0.027841075301170342
375	0.4028039276599884	0.4126904100179672	0.01988648235797882
376	0.3975027799606323	0.4126923242807388	0.0251895443201065
377	0.40148138999938965	0.41269363784790036	0.02121224784851074
378	0.39750805497169495	0.41269759929180144	0.0251895443201065
379	0.4001625180244446	0.4127005313634872	0.02253801333904266
380	0.396199494600296	0.41271480441093444	0.026515309810638422
381	0.39620089530944824	0.41271620512008667	0.026515309810638422
382	0.39223915338516235	0.4127317596673965	0.030492606282234182
383	0.3988703787326813	0.41273415756225584	0.02386377882957458
384	0.3935696482658386	0.4127364890575409	0.029166840791702262
385	0.4002031087875366	0.41274112212657926	0.02253801333904266
386	0.39490842819213867	0.412749503493309	0.027841075301170342
387	0.3975687623023987	0.4127583066225052	0.0251895443201065
388	0.39492344856262207	0.4127645238637924	0.027841075301170342
389	0.39892759919166565	0.4127913780212402	0.02386377882957458
390	0.39495396614074707	0.4127950414419174	0.027841075301170342
391	0.39628106355667114	0.41279637336730957	0.026515309810638422
392	0.3962837755680084	0.41279908537864685	0.026515309810638422
393	0.3989376723766327	0.41280145120620726	0.02386377882957458
394	0.39363807439804077	0.41280491518974305	0.029166840791702262
395	0.40424588322639465	0.41280660009384157	0.0185607168674469
396	0.40288442373275757	0.41277090609073636	0.01988648235797882
397	0.3936476409435272	0.4128144817352295	0.029166840791702262
398	0.39762651920318604	0.41281606352329253	0.0251895443201065
399	0.4016125500202179	0.4128247978687286	0.02121224784851074
400	0.3989633321762085	0.41282711100578307	0.02386377882957458
401	0.4002896845340729	0.4128276978731155	0.02253801333904266
402	0.397638201713562	0.4128277460336685	0.0251895443201065
403	0.4002932608127594	0.41283127415180204	0.02253801333904266
404	0.39897507429122925	0.4128388531208038	0.02386377882957458
405	0.39367541670799255	0.41284225749969483	0.029166840791702262
406	0.4016314148902893	0.4128436627388	0.02121224784851074
407	0.3910267949104309	0.412845166683197	0.031818371772766106
408	0.3989830017089844	0.41284678053855894	0.02386377882957458
409	0.3976592421531677	0.4128487864732742	0.0251895443201065
410	0.3963339924812317	0.4128493022918701	0.026515309810638422
411	0.3923645615577698	0.4128571678400039	0.030492606282234182
412	0.39634254574775696	0.4128578555583954	0.026515309810638422
413	0.39369359612464905	0.4128604369163513	0.029166840791702262
414	0.4003261625766754	0.41286417591571806	0.02253801333904266
415	0.3950251638889313	0.4128662391901016	0.027841075301170342
416	0.3910621702671051	0.4128805420398712	0.031818371772766106
417	0.3950406312942505	0.41288170659542084	0.027841075301170342
418	0.40034833550453186	0.4128863488435745	0.02253801333904266
419	0.40035882592201233	0.41289683926105497	0.02253801333904266
420	0.40168535709381104	0.41289760494232175	0.02121224784851074
421	0.3937339782714844	0.41290081906318665	0.029166840791702262
422	0.39904090762138367	0.41290468645095824	0.02386377882957458
423	0.39904284477233887	0.41290662360191344	0.02386377882957458
424	0.4016972482204437	0.41290949606895444	0.02121224784851074
425	0.3937481939792633	0.4129150347709656	0.029166840791702262
426	0.4043543338775635	0.4129150507450104	0.0185607168674469
427	0.39905527234077454	0.4129190511703491	0.02386377882957458
428	0.3990553915500641	0.41291917037963866	0.02386377882957458
429	0.3977331519126892	0.4129226962327957	0.0251895443201065
430	0.3924351930618286	0.41292779934406276	0.030492606282234182
431	0.4017242193222046	0.4129364671707153	0.02121224784851074
432	0.395097941160202	0.4129390164613724	0.027841075301170342
433	0.3990755081176758	0.41293928694725035	0.02386377882957458
434	0.39244866371154785	0.412941269993782	0.030492606282234182
435	0.4004048705101013	0.41294288384914396	0.02253801333904266
436	0.4030589163303375	0.4129453986883163	0.01988648235797882
437	0.3964341878890991	0.41294949769973754	0.026515309810638422
438	0.3977612555027008	0.4129507998228073	0.0251895443201065
439	0.39643794298171997	0.4129532527923584	0.026515309810638422
440	0.39502716064453125	0.4128682359457016	0.027841075301170342
441	0.3964407444000244	0.41295605421066284	0.026515309810638422
442	0.39512085914611816	0.4129619344472885	0.027841075301170342
443	0.39512136578559875	0.4129624410867691	0.027841075301170342
444	0.3977764844894409	0.4129660288095474	0.0251895443201065
445	0.3977774679660797	0.4129670122861862	0.0251895443201065
446	0.4030856192111969	0.4129721015691757	0.01988648235797882
447	0.39779117703437805	0.41298072135448455	0.0251895443201065
448	0.3938142657279968	0.4129811065196991	0.029166840791702262
449	0.39646628499031067	0.4129815948009491	0.026515309810638422
450	0.4017743468284607	0.4129865946769714	0.02121224784851074
451	0.40045231580734253	0.41299032914638517	0.02253801333904266
452	0.39780309796333313	0.4129926422834396	0.0251895443201065
453	0.39117559790611267	0.41299396967887875	0.031818371772766106
454	0.39648157358169556	0.412996883392334	0.026515309810638422
455	0.39250439405441284	0.412997000336647	0.030492606282234182
456	0.39780858159065247	0.41299812591075896	0.0251895443201065
457	0.4017888605594635	0.4130011084079742	0.02121224784851074
458	0.3951629400253296	0.41300401532649994	0.027841075301170342
459	0.3978146016597748	0.4130041459798813	0.0251895443201065
460	0.40047118067741394	0.4130091940164566	0.02253801333904266
461	0.39914563298225403	0.4130094118118286	0.02386377882957458
462	0.3964989483356476	0.413014258146286	0.026515309810638422
463	0.3991507887840271	0.41301456761360167	0.02386377882957458
464	0.39517369866371155	0.4130147739648819	0.027841075301170342
465	0.3951781988143921	0.41301927411556244	0.027841075301170342
466	0.40048161149024963	0.4130196248292923	0.02253801333904266
467	0.40048298239707947	0.4130209957361221	0.02253801333904266
468	0.39385533332824707	0.41302217411994935	0.029166840791702262
469	0.39783596992492676	0.41302551424503325	0.0251895443201065
470	0.39518609642982483	0.4130271717309952	0.027841075301170342
471	0.39378291368484497	0.41294975447654725	0.029166840791702262
472	0.39382389187812805	0.41299073266983033	0.029166840791702262
473	0.39916735887527466	0.4130311377048492	0.02386377882957458
474	0.3938649594783783	0.4130318002700806	0.029166840791702262
475	0.4005031883716583	0.41304120171070097	0.02253801333904266
476	0.3991785943508148	0.4130423731803894	0.02386377882957458
477	0.3978569209575653	0.4130464652776718	0.0251895443201065
478	0.39389312267303467	0.41305996346473695	0.029166840791702262
479	0.4031738340854645	0.41306031644344327	0.01988648235797882
480	0.39919859170913696	0.41306237053871153	0.02386377882957458
481	0.39654937386512756	0.413064683675766	0.026515309810638422
482	0.4005269408226013	0.41306495416164396	0.02253801333904266
483	0.4018554091453552	0.41306765699386594	0.02121224784851074
484	0.3939037024974823	0.4130705432891846	0.029166840791702262
485	0.40318697690963745	0.41307345926761624	0.01988648235797882
486	0.40053701400756836	0.413075027346611	0.02253801333904266
487	0.3992207944393158	0.41308457326889036	0.02386377882957458
488	0.40187332034111023	0.41308556818962094	0.02121224784851074
489	0.39922329783439636	0.41308707666397093	0.02386377882957458
490	0.3912704288959503	0.4130888006687164	0.031818371772766106
491	0.39392438530921936	0.41309122610092164	0.029166840791702262
492	0.40055331587791443	0.41309132921695707	0.02253801333904266
493	0.40187928080558777	0.4130915286540985	0.02121224784851074
494	0.3965793251991272	0.4130946350097656	0.026515309810638422
495	0.39496365189552307	0.4128047271966934	0.027841075301170342
496	0.395142525434494	0.41298360073566437	0.027841075301170342
497	0.39923182129859924	0.4130956001281738	0.02386377882957458
498	0.39525455236434937	0.4130956276655197	0.027841075301170342
499	0.39790791273117065	0.41309745705127715	0.0251895443201065
500	0.4005630612373352	0.41310107457637785	0.02253801333904266
501	0.39393579959869385	0.4131026403903961	0.029166840791702262
502	0.3979145288467407	0.4131040731668472	0.0251895443201065
503	0.3952637314796448	0.4131048067808151	0.027841075301170342
504	0.3979152739048004	0.4131048182249069	0.0251895443201065
505	0.39792031049728394	0.41310985481739043	0.0251895443201065
506	0.3965974748134613	0.4131127846240997	0.026515309810638422
507	0.39527204632759094	0.4131131216287613	0.027841075301170342
508	0.3965985178947449	0.4131138277053833	0.026515309810638422
509	0.3912966251373291	0.4131149969100952	0.031818371772766106
510	0.39527395367622375	0.4131150289773941	0.027841075301170342
511	0.400578111410141	0.41311612474918363	0.02253801333904266
512	0.3952796161174774	0.41312069141864777	0.027841075301170342
513	0.4045606553554535	0.4131213722229004	0.0185607168674469
514	0.39528048038482666	0.413121555685997	0.027841075301170342
515	0.39661553502082825	0.41313084483146667	0.026515309810638422
516	0.39661625027656555	0.413131560087204	0.026515309810638422
517	0.3899919390678406	0.4131360763311386	0.033144137263298026
518	0.39662083983421326	0.4131361496448517	0.026515309810638422
519	0.4005986750125885	0.41313668835163114	0.02253801333904266
520	0.3952957093715668	0.4131367846727371	0.027841075301170342
521	0.39264464378356934	0.4131372500658035	0.030492606282234182
522	0.3926447033882141	0.41313730967044826	0.030492606282234182
523	0.39662429690361023	0.41313960671424865	0.026515309810638422
524	0.3979510962963104	0.4131406406164169	0.0251895443201065
525	0.39928510785102844	0.413148886680603	0.02386377882957458
526	0.3992861211299896	0.4131498999595642	0.02386377882957458
527	0.3979611098766327	0.4131506541967392	0.0251895443201065
528	0.3913330137729645	0.41315138554573055	0.031818371772766106
529	0.399288535118103	0.4131523139476776	0.02386377882957458
530	0.39398694038391113	0.4131537811756134	0.029166840791702262
531	0.3979713022708893	0.4131608465909958	0.0251895443201065
532	0.3966483771800995	0.4131636869907379	0.026515309810638422
533	0.3966519832611084	0.4131672930717468	0.026515309810638422
534	0.3926754891872406	0.41316809546947475	0.030492606282234182
535	0.4019562304019928	0.4131684782505035	0.02121224784851074
536	0.39930519461631775	0.4131689734458923	0.02386377882957458
537	0.39533373713493347	0.4131748124361038	0.027841075301170342
538	0.39798539876937866	0.41317494308948516	0.0251895443201065
539	0.3979867696762085	0.413176313996315	0.0251895443201065
540	0.3979905843734741	0.4131801286935806	0.0251895443201065
541	0.39666491746902466	0.4131802272796631	0.026515309810638422
542	0.39533931016921997	0.4131803854703903	0.027841075301170342
543	0.4032949209213257	0.41318140327930447	0.01988648235797882
544	0.39268988370895386	0.413182489991188	0.030492606282234182
545	0.3940170705318451	0.41318391132354737	0.029166840791702262
546	0.3940171003341675	0.41318394112586976	0.029166840791702262
547	0.39534369111061096	0.4131847664117813	0.027841075301170342
548	0.39401793479919434	0.4131847755908966	0.029166840791702262
549	0.39932140707969666	0.4131851859092712	0.02386377882957458
550	0.3993227481842041	0.41318652701377867	0.02386377882957458
551	0.397998571395874	0.4131881157159805	0.0251895443201065
552	0.3966106176376343	0.4131259274482727	0.026515309810638422
553	0.3966757655143738	0.4131910753250122	0.026515309810638422
554	0.3966774046421051	0.4131927144527435	0.026515309810638422
555	0.3993317186832428	0.41319549751281737	0.02386377882957458
556	0.40198373794555664	0.41319598579406736	0.02121224784851074
557	0.3980100452899933	0.4131995896100998	0.0251895443201065
558	0.3900575637817383	0.4132017010450363	0.033144137263298026
559	0.39668822288513184	0.41320353269577026	0.026515309810638422
560	0.39139002561569214	0.4132083973884582	0.031818371772766106
561	0.3980218768119812	0.4132114211320877	0.0251895443201065
562	0.3980218768119812	0.4132114211320877	0.0251895443201065
563	0.3980218768119812	0.4132114211320877	0.0251895443201065
564	0.3980218768119812	0.4132114211320877	0.0251895443201065
565	0.3980218768119812	0.4132114211320877	0.0251895443201065
566	0.3980218768119812	0.4132114211320877	0.0251895443201065
567	0.3980218768119812	0.4132114211320877	0.0251895443201065
568	0.3980218768119812	0.4132114211320877	0.0251895443201065
569	0.3980218768119812	0.4132114211320877	0.0251895443201065
570	0.3980218768119812	0.4132114211320877	0.0251895443201065
571	0.3980218768119812	0.4132114211320877	0.0251895443201065
572	0.3980218768119812	0.4132114211320877	0.0251895443201065
573	0.3980218768119812	0.4132114211320877	0.0251895443201065
574	0.3980218768119812	0.4132114211320877	0.0251895443201065
575	0.3966979682445526	0.41321327805519104	0.026515309810638422
576	0.39404651522636414	0.4132133560180664	0.029166840791702262
577	0.4033273756504059	0.41321385800838467	0.01988648235797882
578	0.4006780982017517	0.41321611154079435	0.02253801333904266
579	0.3980269134044647	0.4132164577245712	0.0251895443201065
580	0.3993574380874634	0.41322121691703795	0.02386377882957458
581	0.3993574380874634	0.41322121691703795	0.02386377882957458
582	0.3993574380874634	0.41322121691703795	0.02386377882957458
583	0.3993574380874634	0.41322121691703795	0.02386377882957458
584	0.3993574380874634	0.41322121691703795	0.02386377882957458
585	0.3993574380874634	0.41322121691703795	0.02386377882957458
586	0.3993574380874634	0.41322121691703795	0.02386377882957458
587	0.3993574380874634	0.41322121691703795	0.02386377882957458
588	0.3993574380874634	0.41322121691703795	0.02386377882957458
589	0.3993574380874634	0.41322121691703795	0.02386377882957458
590	0.3993574380874634	0.41322121691703795	0.02386377882957458
591	0.3993574380874634	0.41322121691703795	0.02386377882957458
592	0.3993574380874634	0.41322121691703795	0.02386377882957458
593	0.3993574380874634	0.41322121691703795	0.02386377882957458
594	0.3953843414783478	0.41322541677951813	0.027841075301170342
595	0.4020136296749115	0.4132258775234222	0.02121224784851074
596	0.3953852653503418	0.41322634065151215	0.027841075301170342
597	0.39936381578445435	0.4132275946140289	0.02386377882957458
598	0.390083909034729	0.413228046298027	0.033144137263298026
599	0.3953882157802582	0.41322929108142853	0.027841075301170342
600	0.3940678834915161	0.4132347242832184	0.029166840791702262
601	0.4007008671760559	0.41323888051509855	0.02253801333904266
602	0.3980503976345062	0.4132399419546127	0.0251895443201065
603	0.3967251479625702	0.4132404577732086	0.026515309810638422
604	0.3940768539905548	0.4132436947822571	0.029166840791702262
605	0.395402729511261	0.41324380481243134	0.027841075301170342
606	0.39275145530700684	0.413244061589241	0.030492606282234182
607	0.39938095211982727	0.41324473094940184	0.02386377882957458
608	0.39673352241516113	0.41324883222579956	0.026515309810638422
609	0.3927571475505829	0.41324975383281704	0.030492606282234182
610	0.39541149139404297	0.4132525666952133	0.027841075301170342
611	0.3980657756328583	0.4132553199529648	0.0251895443201065
612	0.40071848034858704	0.4132564936876297	0.02253801333904266
613	0.39939361810684204	0.4132573969364166	0.02386377882957458
614	0.39806878566741943	0.41325832998752593	0.0251895443201065
615	0.4007204473018646	0.41325846064090727	0.02253801333904266
616	0.3980708122253418	0.4132603565454483	0.0251895443201065
617	0.39673182368278503	0.41324713349342346	0.026515309810638422
618	0.3940942883491516	0.4132611291408539	0.029166840791702262
619	0.3927733898162842	0.41326599609851833	0.030492606282234182
620	0.39940279722213745	0.413266576051712	0.02386377882957458
621	0.3967539072036743	0.41326921701431274	0.026515309810638422
622	0.3980802595615387	0.4132698038816452	0.0251895443201065
623	0.3967548608779907	0.41327017068862915	0.026515309810638422
624	0.3941042423248291	0.4132710831165314	0.029166840791702262
625	0.39808323979377747	0.41327278411388396	0.0251895443201065
626	0.39808323979377747	0.41327278411388396	0.0251895443201065
627	0.39808323979377747	0.41327278411388396	0.0251895443201065
628	0.39808323979377747	0.41327278411388396	0.0251895443201065
629	0.39808323979377747	0.41327278411388396	0.0251895443201065
630	0.39808323979377747	0.41327278411388396	0.0251895443201065
631	0.39808323979377747	0.41327278411388396	0.0251895443201065
632	0.39808323979377747	0.41327278411388396	0.0251895443201065
633	0.39808323979377747	0.41327278411388396	0.0251895443201065
634	0.39808323979377747	0.41327278411388396	0.0251895443201065
635	0.39808323979377747	0.41327278411388396	0.0251895443201065
636	0.39808323979377747	0.41327278411388396	0.0251895443201065
637	0.39808323979377747	0.41327278411388396	0.0251895443201065
638	0.39808323979377747	0.41327278411388396	0.0251895443201065
639	0.39676010608673096	0.4132754158973694	0.026515309810638422
640	0.3967602252960205	0.41327553510665893	0.026515309810638422
641	0.39410993456840515	0.41327677536010743	0.029166840791702262
642	0.398087739944458	0.4132772842645645	0.0251895443201065
643	0.39278528094291687	0.413277887225151	0.030492606282234182
644	0.3954373002052307	0.41327837550640106	0.027841075301170342
645	0.39676380157470703	0.41327911138534545	0.026515309810638422
646	0.3954383134841919	0.41327938878536224	0.027841075301170342
647	0.39941632747650146	0.41328010630607603	0.02386377882957458
648	0.4020693302154541	0.4132815780639648	0.02121224784851074
649	0.40207141637802124	0.41328366422653195	0.02121224784851074
650	0.3994278609752655	0.41329163980484007	0.02386377882957458
651	0.3981027901172638	0.4132923344373703	0.0251895443201065
652	0.3994292616844177	0.4132930405139923	0.02386377882957458
653	0.3994292616844177	0.4132930405139923	0.02386377882957458
654	0.3994292616844177	0.4132930405139923	0.02386377882957458
655	0.3994292616844177	0.4132930405139923	0.02386377882957458
656	0.3994292616844177	0.4132930405139923	0.02386377882957458
657	0.3994292616844177	0.4132930405139923	0.02386377882957458
658	0.3994292616844177	0.4132930405139923	0.02386377882957458
659	0.3994292616844177	0.4132930405139923	0.02386377882957458
660	0.3994292616844177	0.4132930405139923	0.02386377882957458
661	0.3994292616844177	0.4132930405139923	0.02386377882957458
662	0.3994292616844177	0.4132930405139923	0.02386377882957458
663	0.3994292616844177	0.4132930405139923	0.02386377882957458
664	0.3994292616844177	0.4132930405139923	0.02386377882957458
665	0.3994292616844177	0.4132930405139923	0.02386377882957458
666	0.39942997694015503	0.4132937557697296	0.02386377882957458
667	0.3967796564102173	0.4132949662208557	0.026515309810638422
668	0.39810580015182495	0.41329534447193145	0.0251895443201065
669	0.39280304312705994	0.4132956494092941	0.030492606282234182
670	0.3928040564060211	0.41329666268825527	0.030492606282234182
671	0.39545637369155884	0.4132974489927292	0.027841075301170342
672	0.39545854926109314	0.4132996245622635	0.027841075301170342
673	0.394135445356369	0.4133022861480713	0.029166840791702262
674	0.3981131613254547	0.4133027056455612	0.0251895443201065
675	0.396328866481781	0.41284417629241943	0.026515309810638422
676	0.39811596274375916	0.41330550706386565	0.0251895443201065
677	0.3967902660369873	0.41330557584762573	0.026515309810638422
678	0.39413982629776	0.4133066670894623	0.029166840791702262
679	0.3967943787574768	0.41330968856811523	0.026515309810638422
680	0.39281776547431946	0.4133103717565536	0.030492606282234182
681	0.39547234773635864	0.413313423037529	0.027841075301170342
682	0.3981257379055023	0.4133152822256088	0.0251895443201065
683	0.39654192328453064	0.41305723309516906	0.026515309810638422
684	0.39812591671943665	0.41331546103954314	0.0251895443201065
685	0.3968008756637573	0.41331618547439575	0.026515309810638422
686	0.4007781744003296	0.41331618773937223	0.02253801333904266
687	0.3968038558959961	0.4133191657066345	0.026515309810638422
688	0.396804541349411	0.41331985116004943	0.026515309810638422
689	0.39813047647476196	0.41332002079486846	0.0251895443201065
690	0.3954795300960541	0.4133206053972244	0.027841075301170342
691	0.39813390374183655	0.41332344806194304	0.0251895443201065
692	0.3968082368373871	0.4133235466480255	0.026515309810638422
693	0.39680853486061096	0.4133238446712494	0.026515309810638422
694	0.39680853486061096	0.4133238446712494	0.026515309810638422
695	0.39680853486061096	0.4133238446712494	0.026515309810638422
696	0.39680853486061096	0.4133238446712494	0.026515309810638422
697	0.39680853486061096	0.4133238446712494	0.026515309810638422
698	0.39680853486061096	0.4133238446712494	0.026515309810638422
699	0.39680853486061096	0.4133238446712494	0.026515309810638422
700	0.39680853486061096	0.4133238446712494	0.026515309810638422
701	0.39680853486061096	0.4133238446712494	0.026515309810638422
702	0.39680853486061096	0.4133238446712494	0.026515309810638422
703	0.39680853486061096	0.4133238446712494	0.026515309810638422
704	0.39680853486061096	0.4133238446712494	0.026515309810638422
705	0.39680853486061096	0.4133238446712494	0.026515309810638422
706	0.39680853486061096	0.4133238446712494	0.026515309810638422
707	0.3994626998901367	0.4133264787197113	0.02386377882957458
708	0.3915112614631653	0.41332963323593136	0.031818371772766106
709	0.40079212188720703	0.4133301352262497	0.02253801333904266
710	0.39549174904823303	0.4133328243494034	0.027841075301170342
711	0.39416685700416565	0.4133336977958679	0.029166840791702262
712	0.3968186378479004	0.4133339476585388	0.026515309810638422
713	0.39814531803131104	0.41333486235141753	0.0251895443201065
714	0.39682093262672424	0.41333624243736267	0.026515309810638422
715	0.3968246579170227	0.41333996772766113	0.026515309810638422
716	0.40080201625823975	0.4133400295972824	0.02253801333904266
717	0.40080201625823975	0.4133400295972824	0.02253801333904266
718	0.40080201625823975	0.4133400295972824	0.02253801333904266
719	0.40080201625823975	0.4133400295972824	0.02253801333904266
720	0.40080201625823975	0.4133400295972824	0.02253801333904266
721	0.40080201625823975	0.4133400295972824	0.02253801333904266
722	0.40080201625823975	0.4133400295972824	0.02253801333904266
723	0.40080201625823975	0.4133400295972824	0.02253801333904266
724	0.40080201625823975	0.4133400295972824	0.02253801333904266
725	0.40080201625823975	0.4133400295972824	0.02253801333904266
726	0.40080201625823975	0.4133400295972824	0.02253801333904266
727	0.40080201625823975	0.4133400295972824	0.02253801333904266
728	0.40080201625823975	0.4133400295972824	0.02253801333904266
729	0.40080201625823975	0.4133400295972824	0.02253801333904266
730	0.4008043110370636	0.41334232437610624	0.02253801333904266
731	0.40213194489479065	0.41334419274330136	0.02121224784851074
732	0.3928535282611847	0.41334613454341884	0.030492606282234182
733	0.4034613072872162	0.413347789645195	0.01988648235797882
734	0.3981594145298004	0.4133489588499069	0.0251895443201065
735	0.39285680651664734	0.4133494127988815	0.030492606282234182
736	0.39418530464172363	0.4133521454334259	0.029166840791702262
737	0.4021401107311249	0.4133523585796356	0.02121224784851074
738	0.3955124020576477	0.41335347735881806	0.027841075301170342
739	0.39551296830177307	0.4133540436029434	0.027841075301170342
740	0.39551714062690735	0.4133582159280777	0.027841075301170342
741	0.39817145466804504	0.41336099898815154	0.0251895443201065
742	0.4008234441280365	0.41336145746707914	0.02253801333904266
743	0.39419543743133545	0.4133622782230377	0.029166840791702262
744	0.39949965476989746	0.41336343359947203	0.02386377882957458
745	0.39950159192085266	0.41336537075042723	0.02386377882957458
746	0.4021545648574829	0.4133668127059936	0.02121224784851074
747	0.39420148730278015	0.41336832809448243	0.029166840791702262
748	0.40083053708076477	0.4133685504198074	0.02253801333904266
749	0.396854966878891	0.4133702766895294	0.026515309810638422
750	0.3981828987598419	0.4133724430799484	0.0251895443201065
751	0.3968141973018646	0.41332950711250305	0.026515309810638422
752	0.3954598009586334	0.4133008762598038	0.027841075301170342
753	0.39818304777145386	0.41337259209156035	0.0251895443201065
754	0.39686164259910583	0.41337695240974426	0.026515309810638422
755	0.39686164259910583	0.41337695240974426	0.026515309810638422
756	0.39686164259910583	0.41337695240974426	0.026515309810638422
757	0.39686164259910583	0.41337695240974426	0.026515309810638422
758	0.39686164259910583	0.41337695240974426	0.026515309810638422
759	0.39686164259910583	0.41337695240974426	0.026515309810638422
760	0.39686164259910583	0.41337695240974426	0.026515309810638422
761	0.39686164259910583	0.41337695240974426	0.026515309810638422
762	0.39686164259910583	0.41337695240974426	0.026515309810638422
763	0.39686164259910583	0.41337695240974426	0.026515309810638422
764	0.39686164259910583	0.41337695240974426	0.026515309810638422
765	0.39686164259910583	0.41337695240974426	0.026515309810638422
766	0.39686164259910583	0.41337695240974426	0.026515309810638422
767	0.39686164259910583	0.41337695240974426	0.026515309810638422
768	0.3928851783275604	0.4133777846097946	0.030492606282234182
769	0.392886221408844	0.41337882769107814	0.030492606282234182
770	0.39686357975006104	0.41337888956069946	0.026515309810638422
771	0.39686357975006104	0.41337888956069946	0.026515309810638422
772	0.39686357975006104	0.41337888956069946	0.026515309810638422
773	0.39686357975006104	0.41337888956069946	0.026515309810638422
774	0.39686357975006104	0.41337888956069946	0.026515309810638422
775	0.39686357975006104	0.41337888956069946	0.026515309810638422
776	0.39686357975006104	0.41337888956069946	0.026515309810638422
777	0.39686357975006104	0.41337888956069946	0.026515309810638422
778	0.39686357975006104	0.41337888956069946	0.026515309810638422
779	0.39686357975006104	0.41337888956069946	0.026515309810638422
780	0.39686357975006104	0.41337888956069946	0.026515309810638422
781	0.39686357975006104	0.41337888956069946	0.026515309810638422
782	0.39686357975006104	0.41337888956069946	0.026515309810638422
783	0.39686357975006104	0.41337888956069946	0.026515309810638422
784	0.40349242091178894	0.41337890326976773	0.01988648235797882
785	0.3928893208503723	0.41338192713260646	0.030492606282234182
786	0.4008479118347168	0.41338592517375944	0.02253801333904266
787	0.398197203874588	0.4133867481946945	0.0251895443201065
788	0.398197203874588	0.4133867481946945	0.0251895443201065
789	0.398197203874588	0.4133867481946945	0.0251895443201065
790	0.398197203874588	0.4133867481946945	0.0251895443201065
791	0.398197203874588	0.4133867481946945	0.0251895443201065
792	0.398197203874588	0.4133867481946945	0.0251895443201065
793	0.398197203874588	0.4133867481946945	0.0251895443201065
794	0.398197203874588	0.4133867481946945	0.0251895443201065
795	0.398197203874588	0.4133867481946945	0.0251895443201065
796	0.398197203874588	0.4133867481946945	0.0251895443201065
797	0.398197203874588	0.4133867481946945	0.0251895443201065
798	0.398197203874588	0.4133867481946945	0.0251895443201065
799	0.398197203874588	0.4133867481946945	0.0251895443201065
800	0.398197203874588	0.4133867481946945	0.0251895443201065
801	0.3968724310398102	0.4133877408504486	0.026515309810638422
802	0.3955487906932831	0.41338986599445343	0.027841075301170342
803	0.39820197224617004	0.41339151656627654	0.0251895443201065
804	0.39422500133514404	0.4133918421268463	0.029166840791702262
805	0.39422643184661865	0.41339327263832093	0.029166840791702262
806	0.3968793451786041	0.41339465498924255	0.026515309810638422
807	0.3942280113697052	0.4133948521614075	0.029166840791702262
808	0.39555585384368896	0.4133969291448593	0.027841075301170342
809	0.39821165800094604	0.41340120232105254	0.0251895443201065
810	0.39821165800094604	0.41340120232105254	0.0251895443201065
811	0.39821165800094604	0.41340120232105254	0.0251895443201065
812	0.39821165800094604	0.41340120232105254	0.0251895443201065
813	0.39821165800094604	0.41340120232105254	0.0251895443201065
814	0.39821165800094604	0.41340120232105254	0.0251895443201065
815	0.39821165800094604	0.41340120232105254	0.0251895443201065
816	0.39821165800094604	0.41340120232105254	0.0251895443201065
817	0.39821165800094604	0.41340120232105254	0.0251895443201065
818	0.39821165800094604	0.41340120232105254	0.0251895443201065
819	0.39821165800094604	0.41340120232105254	0.0251895443201065
820	0.39821165800094604	0.41340120232105254	0.0251895443201065
821	0.39821165800094604	0.41340120232105254	0.0251895443201065
822	0.39821165800094604	0.41340120232105254	0.0251895443201065
823	0.394235759973526	0.4134026007652283	0.029166840791702262
824	0.39953911304473877	0.41340289187431334	0.02386377882957458
825	0.3995395302772522	0.41340330910682677	0.02386377882957458
826	0.3982144296169281	0.4134039739370346	0.0251895443201065
827	0.3995424807071686	0.41340625953674315	0.02386377882957458
828	0.39291390776634216	0.4134065140485763	0.030492606282234182
829	0.39026328921318054	0.41340742647647855	0.033144137263298026
830	0.3942468464374542	0.4134136872291565	0.029166840791702262
831	0.3915955126285553	0.4134138844013214	0.031818371772766106
832	0.4022024869918823	0.41341473484039304	0.02121224784851074
833	0.396899938583374	0.41341524839401245	0.026515309810638422
834	0.39292266964912415	0.4134152759313583	0.030492606282234182
835	0.39822816848754883	0.4134177128076553	0.0251895443201065
836	0.3902756869792938	0.4134198242425918	0.033144137263298026
837	0.3969055414199829	0.41342085123062133	0.026515309810638422
838	0.4008844494819641	0.41342246282100675	0.02253801333904266
839	0.4008844494819641	0.41342246282100675	0.02253801333904266
840	0.4008844494819641	0.41342246282100675	0.02253801333904266
841	0.4008844494819641	0.41342246282100675	0.02253801333904266
842	0.4008844494819641	0.41342246282100675	0.02253801333904266
843	0.4008844494819641	0.41342246282100675	0.02253801333904266
844	0.4008844494819641	0.41342246282100675	0.02253801333904266
845	0.4008844494819641	0.41342246282100675	0.02253801333904266
846	0.4008844494819641	0.41342246282100675	0.02253801333904266
847	0.4008844494819641	0.41342246282100675	0.02253801333904266
848	0.4008844494819641	0.41342246282100675	0.02253801333904266
849	0.4008844494819641	0.41342246282100675	0.02253801333904266
850	0.4008844494819641	0.41342246282100675	0.02253801333904266
851	0.4008844494819641	0.41342246282100675	0.02253801333904266
852	0.4048618972301483	0.41342261409759523	0.0185607168674469
853	0.39690783619880676	0.4134231460094452	0.026515309810638422
854	0.39956018328666687	0.41342396211624144	0.02386377882957458
855	0.39558449387550354	0.4134255691766739	0.027841075301170342
856	0.3969109356403351	0.4134262454509735	0.026515309810638422
857	0.3982373774051666	0.4134269217252731	0.0251895443201065
858	0.3982383906841278	0.4134279350042343	0.0251895443201065
859	0.39691680669784546	0.4134321165084839	0.026515309810638422
860	0.3969191014766693	0.41343441128730773	0.026515309810638422
861	0.3995707929134369	0.41343457174301146	0.02386377882957458
862	0.39559370279312134	0.4134347780942917	0.027841075301170342
863	0.39559370279312134	0.4134347780942917	0.027841075301170342
864	0.3942681849002838	0.4134350256919861	0.029166840791702262
865	0.39426863193511963	0.4134354727268219	0.029166840791702262
866	0.39294400811195374	0.4134366143941879	0.030492606282234182
867	0.3969213664531708	0.4134366762638092	0.026515309810638422
868	0.3995741307735443	0.4134379096031189	0.02386377882957458
869	0.3995741307735443	0.4134379096031189	0.02386377882957458
870	0.3995741307735443	0.4134379096031189	0.02386377882957458
871	0.3995741307735443	0.4134379096031189	0.02386377882957458
872	0.3995741307735443	0.4134379096031189	0.02386377882957458
873	0.3995741307735443	0.4134379096031189	0.02386377882957458
874	0.3995741307735443	0.4134379096031189	0.02386377882957458
875	0.3995741307735443	0.4134379096031189	0.02386377882957458
876	0.3995741307735443	0.4134379096031189	0.02386377882957458
877	0.3995741307735443	0.4134379096031189	0.02386377882957458
878	0.3995741307735443	0.4134379096031189	0.02386377882957458
879	0.3995741307735443	0.4134379096031189	0.02386377882957458
880	0.3995741307735443	0.4134379096031189	0.02386377882957458
881	0.3995741307735443	0.4134379096031189	0.02386377882957458
882	0.3969230353832245	0.4134383451938629	0.026515309810638422
883	0.3969230353832245	0.4134383451938629	0.026515309810638422
884	0.3969230353832245	0.4134383451938629	0.026515309810638422
885	0.3969230353832245	0.4134383451938629	0.026515309810638422
886	0.3969230353832245	0.4134383451938629	0.026515309810638422
887	0.3969230353832245	0.4134383451938629	0.026515309810638422
888	0.3969230353832245	0.4134383451938629	0.026515309810638422
889	0.3969230353832245	0.4134383451938629	0.026515309810638422
890	0.3969230353832245	0.4134383451938629	0.026515309810638422
891	0.3969230353832245	0.4134383451938629	0.026515309810638422
892	0.3969230353832245	0.4134383451938629	0.026515309810638422
893	0.3969230353832245	0.4134383451938629	0.026515309810638422
894	0.3969230353832245	0.4134383451938629	0.026515309810638422
895	0.3969230353832245	0.4134383451938629	0.026515309810638422
896	0.395597904920578	0.41343898022174835	0.027841075301170342
897	0.39559996128082275	0.4134410365819931	0.027841075301170342
898	0.39427468180656433	0.4134415225982666	0.029166840791702262
899	0.40355589985847473	0.4134423822164535	0.01988648235797882
900	0.4009045362472534	0.41344254958629606	0.02253801333904266
901	0.3982533812522888	0.4134429255723953	0.0251895443201065
902	0.39693060517311096	0.4134459149837494	0.026515309810638422
903	0.40223419666290283	0.41344644451141355	0.02121224784851074
904	0.40090909600257874	0.4134471093416214	0.02253801333904266
905	0.39428234100341797	0.41344918179512025	0.029166840791702262
906	0.3969356417655945	0.4134509515762329	0.026515309810638422
907	0.39030805230140686	0.41345218956470486	0.033144137263298026
908	0.3982658386230469	0.41345538294315337	0.0251895443201065
909	0.40489503741264343	0.41345575428009035	0.0185607168674469
910	0.39826899766921997	0.41345854198932647	0.0251895443201065
911	0.39826899766921997	0.41345854198932647	0.0251895443201065
912	0.39826899766921997	0.41345854198932647	0.0251895443201065
913	0.39826899766921997	0.41345854198932647	0.0251895443201065
914	0.39826899766921997	0.41345854198932647	0.0251895443201065
915	0.39826899766921997	0.41345854198932647	0.0251895443201065
916	0.39826899766921997	0.41345854198932647	0.0251895443201065
917	0.39826899766921997	0.41345854198932647	0.0251895443201065
918	0.39826899766921997	0.41345854198932647	0.0251895443201065
919	0.39826899766921997	0.41345854198932647	0.0251895443201065
920	0.39826899766921997	0.41345854198932647	0.0251895443201065
921	0.39826899766921997	0.41345854198932647	0.0251895443201065
922	0.39826899766921997	0.41345854198932647	0.0251895443201065
923	0.39826899766921997	0.41345854198932647	0.0251895443201065
924	0.40092113614082336	0.413459149479866	0.02253801333904266
925	0.3982696831226349	0.4134592274427414	0.0251895443201065
926	0.4035739004611969	0.4134603828191757	0.01988648235797882
927	0.39827439188957214	0.41346393620967864	0.0251895443201065
928	0.4009261429309845	0.41346415627002714	0.02253801333904266
929	0.39960238337516785	0.4134661622047424	0.02386377882957458
930	0.39960458874702454	0.4134683675765991	0.02386377882957458
931	0.39960649609565735	0.4134702749252319	0.02386377882957458
932	0.3969557285308838	0.4134710383415222	0.026515309810638422
933	0.3969559371471405	0.4134712469577789	0.026515309810638422
934	0.39563342928886414	0.4134745045900345	0.027841075301170342
935	0.3943098485469818	0.4134766893386841	0.029166840791702262
936	0.395637571811676	0.4134786471128464	0.027841075301170342
937	0.3969634473323822	0.4134787571430206	0.026515309810638422
938	0.3982893228530884	0.4134788671731949	0.0251895443201065
939	0.403593510389328	0.4134799927473068	0.01988648235797882
940	0.3996168076992035	0.41348058652877806	0.02386377882957458
941	0.39564216136932373	0.4134832366704941	0.027841075301170342
942	0.3969688415527344	0.4134841513633728	0.026515309810638422
943	0.3969688415527344	0.4134841513633728	0.026515309810638422
944	0.3969688415527344	0.4134841513633728	0.026515309810638422
945	0.3969688415527344	0.4134841513633728	0.026515309810638422
946	0.3969688415527344	0.4134841513633728	0.026515309810638422
947	0.3969688415527344	0.4134841513633728	0.026515309810638422
948	0.3969688415527344	0.4134841513633728	0.026515309810638422
949	0.3969688415527344	0.4134841513633728	0.026515309810638422
950	0.3969688415527344	0.4134841513633728	0.026515309810638422
951	0.3969688415527344	0.4134841513633728	0.026515309810638422
952	0.3969688415527344	0.4134841513633728	0.026515309810638422
953	0.3969688415527344	0.4134841513633728	0.026515309810638422
954	0.3969688415527344	0.4134841513633728	0.026515309810638422
955	0.3969688415527344	0.4134841513633728	0.026515309810638422
956	0.39829695224761963	0.4134864965677261	0.0251895443201065
957	0.3969636559486389	0.41347896575927734	0.026515309810638422
958	0.39696618914604187	0.4134814989566803	0.026515309810638422
959	0.39431992173194885	0.41348676252365113	0.029166840791702262
960	0.3929954767227173	0.41348808300495143	0.030492606282234182
961	0.39962470531463623	0.4134884841442108	0.02386377882957458
962	0.3956480026245117	0.41348907792568207	0.027841075301170342
963	0.3956483006477356	0.41348937594890595	0.027841075301170342
964	0.3956483006477356	0.41348937594890595	0.027841075301170342
965	0.3956483006477356	0.41348937594890595	0.027841075301170342
966	0.3956483006477356	0.41348937594890595	0.027841075301170342
967	0.3956483006477356	0.41348937594890595	0.027841075301170342
968	0.3956483006477356	0.41348937594890595	0.027841075301170342
969	0.3956483006477356	0.41348937594890595	0.027841075301170342
970	0.3956483006477356	0.41348937594890595	0.027841075301170342
971	0.3956483006477356	0.41348937594890595	0.027841075301170342
972	0.3956483006477356	0.41348937594890595	0.027841075301170342
973	0.3956483006477356	0.41348937594890595	0.027841075301170342
974	0.3956483006477356	0.41348937594890595	0.027841075301170342
975	0.3956483006477356	0.41348937594890595	0.027841075301170342
976	0.3956483006477356	0.41348937594890595	0.027841075301170342
977	0.39299824833869934	0.4134908546209335	0.030492606282234182
978	0.40493044257164	0.41349115943908693	0.0185607168674469
979	0.3916734755039215	0.4134918472766876	0.031818371772766106
980	0.39830246567726135	0.41349200999736785	0.0251895443201065
981	0.39565417170524597	0.4134952470064163	0.027841075301170342
982	0.3969803750514984	0.41349568486213684	0.026515309810638422
983	0.39300310611724854	0.4134957123994827	0.030492606282234182
984	0.40228530764579773	0.41349755549430844	0.02121224784851074
985	0.3916795253753662	0.4134978971481323	0.031818371772766106
986	0.3903551697731018	0.4134993070363998	0.033144137263298026
987	0.39963608980178833	0.4134998686313629	0.02386377882957458
988	0.39698508381843567	0.4135003936290741	0.026515309810638422
989	0.4036156237125397	0.41350210607051846	0.01988648235797882
990	0.39698684215545654	0.41350215196609497	0.026515309810638422
991	0.3983130156993866	0.4135025600194931	0.0251895443201065
992	0.399641752243042	0.41350553107261656	0.02386377882957458
993	0.399641752243042	0.41350553107261656	0.02386377882957458
994	0.399641752243042	0.41350553107261656	0.02386377882957458
995	0.399641752243042	0.41350553107261656	0.02386377882957458
996	0.399641752243042	0.41350553107261656	0.02386377882957458
997	0.399641752243042	0.41350553107261656	0.02386377882957458
998	0.399641752243042	0.41350553107261656	0.02386377882957458
999	0.399641752243042	0.41350553107261656	0.02386377882957458
1000	0.399641752243042	0.41350553107261656	0.02386377882957458

Best Loss: 0.3899919390678406

Training Times (seconds): [128.67765327100005]
