Iteration	Loss (h + target_loss)	Total Cost (f)	Cost g
1	0.7073244452476501	0.6973244452476501	0
2	0.5785888433456421	0.5692961677908898	0.0007073244452476501
3	0.5005054473876953	0.4919200962781906	0.0014146488904953002
4	0.4669348895549774	0.45905686289072034	0.0021219733357429505
5	0.4515054225921631	0.4443347203731537	0.0028292977809906005
6	0.4476242661476135	0.44116088837385176	0.0035366222262382505
7	0.4449425935745239	0.43918654024600984	0.004243946671485901
8	0.4449807107448578	0.4392246574163437	0.004243946671485901
9	0.4440883696079254	0.43903964072465895	0.004951271116733551
10	0.4432677626609802	0.43892635822296144	0.005658595561981201
11	0.4426359534263611	0.43900187343358993	0.006365920007228851
12	0.4441079795360565	0.43905925065279006	0.004951271116733551
13	0.4432236850261688	0.43888228058815004	0.005658595561981201
14	0.44252726435661316	0.438893184363842	0.006365920007228851
15	0.4426514804363251	0.4390174004435539	0.006365920007228851
16	0.4433855414390564	0.4390441370010376	0.005658595561981201
17	0.4434168338775635	0.4390754294395447	0.005658595561981201
18	0.44201916456222534	0.4390924090147018	0.007073244452476501
19	0.44274720549583435	0.4391131255030632	0.006365920007228851
20	0.44278326630592346	0.4391491863131523	0.006365920007228851
21	0.44278326630592346	0.4391491863131523	0.006365920007228851
22	0.4421057105064392	0.4391789549589157	0.007073244452476501
23	0.44355490803718567	0.4392135035991669	0.005658595561981201
24	0.4428660273551941	0.43923194736242294	0.006365920007228851
25	0.4428660273551941	0.43923194736242294	0.006365920007228851
26	0.44357338547706604	0.43923198103904726	0.005658595561981201
27	0.44219323992729187	0.43926648437976834	0.007073244452476501
28	0.4421997666358948	0.43927301108837125	0.007073244452476501
29	0.4421997666358948	0.43927301108837125	0.007073244452476501
30	0.44292253255844116	0.43928845256567	0.006365920007228851
31	0.44226667284965515	0.4393399173021316	0.007073244452476501
32	0.44227349758148193	0.4393467420339584	0.007073244452476501
33	0.4429923892021179	0.43935830920934676	0.006365920007228851
34	0.4423013925552368	0.4393746370077133	0.007073244452476501
35	0.4423013925552368	0.4393746370077133	0.007073244452476501
36	0.4423174262046814	0.43939067065715787	0.007073244452476501
37	0.44161105155944824	0.4393916204571724	0.007780568897724151
38	0.4444442689418793	0.4393955400586128	0.004951271116733551
39	0.4434671700000763	0.4391257655620575	0.005658595561981201
40	0.44263607263565063	0.4390019926428795	0.006365920007228851
41	0.4419929087162018	0.43906615316867825	0.007073244452476501
42	0.4427872598171234	0.43915317982435226	0.006365920007228851
43	0.4421065151691437	0.43917975962162015	0.007073244452476501
44	0.4435250163078308	0.43918361186981203	0.005658595561981201
45	0.4427241086959839	0.43909002870321273	0.006365920007228851
46	0.4421117901802063	0.43918503463268277	0.007073244452476501
47	0.44286924600601196	0.4392351660132408	0.006365920007228851
48	0.44221916794776917	0.43929241240024564	0.007073244452476501
49	0.4422276020050049	0.43930084645748135	0.007073244452476501
50	0.4422276020050049	0.43930084645748135	0.007073244452476501
51	0.4429459571838379	0.43931187719106674	0.006365920007228851
52	0.4415379762649536	0.43931854516267776	0.007780568897724151
53	0.4415741264820099	0.43935469537973404	0.007780568897724151
54	0.44302183389663696	0.4393877539038658	0.006365920007228851
55	0.4416138827800751	0.4393944516777992	0.007780568897724151
56	0.44161510467529297	0.4393956735730171	0.007780568897724151
57	0.4437463879585266	0.43940498352050783	0.005658595561981201
58	0.43793925642967224	0.4343051764369011	0.006365920007228851
59	0.4375658631324768	0.4346391075849533	0.007073244452476501
60	0.4376262426376343	0.43469948709011075	0.007073244452476501
61	0.43769371509552	0.4347669595479965	0.007073244452476501
62	0.43793606758117676	0.43500931203365323	0.007073244452476501
63	0.43793925642967224	0.4350125008821487	0.007073244452476501
64	0.43793925642967224	0.4350125008821487	0.007073244452476501
65	0.43793925642967224	0.4350125008821487	0.007073244452476501
66	0.43793925642967224	0.4350125008821487	0.007073244452476501
67	0.43793925642967224	0.4350125008821487	0.007073244452476501
68	0.43793925642967224	0.4350125008821487	0.007073244452476501
69	0.43793925642967224	0.4350125008821487	0.007073244452476501
70	0.43793925642967224	0.4350125008821487	0.007073244452476501
71	0.43793925642967224	0.4350125008821487	0.007073244452476501
72	0.43793925642967224	0.4350125008821487	0.007073244452476501
73	0.43793925642967224	0.4350125008821487	0.007073244452476501
74	0.43793925642967224	0.4350125008821487	0.007073244452476501
75	0.4379655122756958	0.43503875672817227	0.007073244452476501
76	0.4380050301551819	0.43507827460765836	0.007073244452476501
77	0.438038170337677	0.4351114147901535	0.007073244452476501
78	0.4373713433742523	0.43515191227197647	0.007780568897724151
79	0.43808645009994507	0.43515969455242154	0.007073244452476501
80	0.43739593029022217	0.4351764991879463	0.007780568897724151
81	0.4374276399612427	0.4352082088589668	0.007780568897724151
82	0.4374276399612427	0.4352082088589668	0.007780568897724151
83	0.437466561794281	0.43524713069200516	0.007780568897724151
84	0.438199907541275	0.4352731519937515	0.007073244452476501
85	0.4375126361846924	0.43529320508241653	0.007780568897724151
86	0.4382491111755371	0.4353223556280136	0.007073244452476501
87	0.4375658631324768	0.43534643203020096	0.007780568897724151
88	0.4375658631324768	0.43534643203020096	0.007780568897724151
89	0.4375658631324768	0.43534643203020096	0.007780568897724151
90	0.4375658631324768	0.43534643203020096	0.007780568897724151
91	0.4375658631324768	0.43534643203020096	0.007780568897724151
92	0.4375658631324768	0.43534643203020096	0.007780568897724151
93	0.4375658631324768	0.43534643203020096	0.007780568897724151
94	0.4375658631324768	0.43534643203020096	0.007780568897724151
95	0.4375658631324768	0.43534643203020096	0.007780568897724151
96	0.4375658631324768	0.43534643203020096	0.007780568897724151
97	0.4375658631324768	0.43534643203020096	0.007780568897724151
98	0.4375658631324768	0.43534643203020096	0.007780568897724151
99	0.43758442997932434	0.4353649988770485	0.007780568897724151
100	0.4376262426376343	0.43540681153535843	0.007780568897724151
101	0.4376262426376343	0.43540681153535843	0.007780568897724151
102	0.4376262426376343	0.43540681153535843	0.007780568897724151
103	0.4376262426376343	0.43540681153535843	0.007780568897724151
104	0.4376262426376343	0.43540681153535843	0.007780568897724151
105	0.4376262426376343	0.43540681153535843	0.007780568897724151
106	0.4376262426376343	0.43540681153535843	0.007780568897724151
107	0.4376262426376343	0.43540681153535843	0.007780568897724151
108	0.4376262426376343	0.43540681153535843	0.007780568897724151
109	0.4376262426376343	0.43540681153535843	0.007780568897724151
110	0.4376262426376343	0.43540681153535843	0.007780568897724151
111	0.4376262426376343	0.43540681153535843	0.007780568897724151
112	0.43764185905456543	0.4354224279522896	0.007780568897724151
113	0.4383666515350342	0.43543989598751065	0.007073244452476501
114	0.4376632273197174	0.43544379621744156	0.007780568897724151
115	0.4390782117843628	0.43544413179159164	0.006365920007228851
116	0.4380297362804413	0.43510298073291775	0.007073244452476501
117	0.43819430470466614	0.4352675491571426	0.007073244452476501
118	0.43822014331817627	0.43529338777065274	0.007073244452476501
119	0.4383277893066406	0.4354010337591171	0.007073244452476501
120	0.43769371509552	0.43547428399324417	0.007780568897724151
121	0.43769371509552	0.43547428399324417	0.007780568897724151
122	0.43769371509552	0.43547428399324417	0.007780568897724151
123	0.43769371509552	0.43547428399324417	0.007780568897724151
124	0.43769371509552	0.43547428399324417	0.007780568897724151
125	0.43769371509552	0.43547428399324417	0.007780568897724151
126	0.43769371509552	0.43547428399324417	0.007780568897724151
127	0.43769371509552	0.43547428399324417	0.007780568897724151
128	0.43769371509552	0.43547428399324417	0.007780568897724151
129	0.43769371509552	0.43547428399324417	0.007780568897724151
130	0.43769371509552	0.43547428399324417	0.007780568897724151
131	0.43769371509552	0.43547428399324417	0.007780568897724151
132	0.4377018213272095	0.4354823902249336	0.007780568897724151
133	0.4384276270866394	0.4355008715391159	0.007073244452476501
134	0.4377380609512329	0.43551862984895706	0.007780568897724151
135	0.43844735622406006	0.43552060067653653	0.007073244452476501
136	0.43774452805519104	0.4355250969529152	0.007780568897724151
137	0.4384595453739166	0.4355327898263931	0.007073244452476501
138	0.43776842951774597	0.4355489984154701	0.007780568897724151
139	0.4384913742542267	0.43556461870670315	0.007073244452476501
140	0.43781936168670654	0.4355999305844307	0.007780568897724151
141	0.437822550535202	0.4356031194329262	0.007780568897724151
142	0.4378267526626587	0.43560732156038284	0.007780568897724151
143	0.4378352165222168	0.43561578541994095	0.007780568897724151
144	0.4364423155784607	0.43493020892143247	0.008487893342971802
145	0.43562498688697815	0.4348202046751976	0.009195217788219452
146	0.4356485605239868	0.4348437783122063	0.009195217788219452
147	0.4357062578201294	0.43490147560834885	0.009195217788219452
148	0.43664243817329407	0.43513033151626584	0.008487893342971802
149	0.43599897623062134	0.4351941940188408	0.009195217788219452
150	0.4360404312610626	0.4352356490492821	0.009195217788219452
151	0.436059832572937	0.43525505036115647	0.009195217788219452
152	0.4367922842502594	0.4352801775932312	0.008487893342971802
153	0.43604233860969543	0.4352375563979149	0.009195217788219452
154	0.4360763430595398	0.43527156084775925	0.009195217788219452
155	0.4361107051372528	0.43530592292547227	0.009195217788219452
156	0.43547913432121277	0.43538167655467985	0.009902542233467102
157	0.43689659237861633	0.4353844857215881	0.008487893342971802
158	0.4360663592815399	0.4352615770697594	0.009195217788219452
159	0.4360816478729248	0.43527686566114426	0.009195217788219452
160	0.4361538887023926	0.43534910649061204	0.009195217788219452
161	0.4355107545852661	0.4354132968187332	0.009902542233467102
162	0.43622666597366333	0.4354218837618828	0.009195217788219452
163	0.4355555772781372	0.4354581195116043	0.009902542233467102
164	0.43556836247444153	0.4354709047079086	0.009902542233467102
165	0.43556904792785645	0.43547159016132353	0.009902542233467102
166	0.43558505177497864	0.4354875940084457	0.009902542233467102
167	0.4362952709197998	0.43549048870801926	0.009195217788219452
168	0.43543583154678345	0.43533837378025053	0.009902542233467102
169	0.4323277473449707	0.43293761402368547	0.010609866678714752
170	0.4302097260951996	0.431526917219162	0.011317191123962402
171	0.4285392761230469	0.4305637916922569	0.012024515569210052
172	0.4276447594165802	0.4303765994310379	0.012731840014457702
173	0.4263108968734741	0.42975006133317945	0.013439164459705352
174	0.4256497025489807	0.4297961914539337	0.014146488904953002
175	0.42455244064331055	0.4294062539935112	0.014853813350200652
176	0.4238985478878021	0.42945968568325044	0.015561137795448302
177	0.4232577383518219	0.42952620059251784	0.016268462240695954
178	0.422356516122818	0.4293323028087616	0.016975786685943604
179	0.4209109842777252	0.42859409540891646	0.017683111131191254
180	0.419519305229187	0.4279097408056259	0.018390435576438904
181	0.4176930785179138	0.42679083853960037	0.019097760021686554
182	0.415477454662323	0.4252825391292572	0.019805084466934204
183	0.41332003474235535	0.4238324436545372	0.020512408912181854
184	0.41030195355415344	0.4215216869115829	0.021219733357429504
185	0.40749815106391907	0.41942520886659623	0.021927057802677154
186	0.40394511818885803	0.4165795004367828	0.022634382247924804
187	0.40051719546318054	0.413858902156353	0.023341706693172454
188	0.39646679162979126	0.41051582276821136	0.024049031138420104
189	0.39247411489486694	0.40723047047853467	0.024756355583667754
190	0.38794463872909546	0.40340831875801086	0.025463680028915404
191	0.38369521498680115	0.3998662194609642	0.026171004474163054
192	0.37921082973480225	0.39608915865421296	0.026878328919410704
193	0.37372758984565735	0.3913132432103157	0.027585653364658354
194	0.3685089945793152	0.3868019723892212	0.028292977809906004
195	0.3635620176792145	0.3825623199343681	0.029000302255153654
196	0.3588927090167999	0.3786003357172012	0.029707626700401304
197	0.35450637340545654	0.3749213245511055	0.030414951145648954
198	0.3498380184173584	0.370960294008255	0.031122275590896604
199	0.34522727131843567	0.36705687135457993	0.031829600036144254
200	0.340883731842041	0.3634206563234329	0.03253692448139191
201	0.3368094563484192	0.36005370527505876	0.03324424892663956
202	0.33300599455833435	0.35695756793022154	0.033951573371887214
203	0.3294738233089447	0.3541327211260796	0.03465889781713487
204	0.32583367824554443	0.35119990050792693	0.03536622226238252
205	0.3222273588180542	0.3483009055256844	0.036073546707630175
206	0.3188754618167877	0.3456563329696655	0.03678087115287783
207	0.31577634811401367	0.34326454371213916	0.03748819559812548
208	0.3129274845123291	0.3411230045557022	0.038195520043373135
209	0.3103259205818176	0.3392287650704384	0.03890284448862079
210	0.3064449727535248	0.3360551416873932	0.03961016893386844
211	0.301880806684494	0.3321983000636101	0.040317493379116096
212	0.29875773191452026	0.329782549738884	0.04102481782436375
213	0.29588329792022705	0.32761544018983846	0.0417321422696114
214	0.29325446486473083	0.32569393157958987	0.042439466714859056
215	0.29086726903915405	0.32401406019926077	0.04314679116010671
216	0.2885948717594147	0.322448987364769	0.04385411560535436
217	0.2862139344215393	0.32077537447214133	0.044561440050602016
218	0.2840556502342224	0.31932441473007206	0.04526876449584967
219	0.28129127621650696	0.3172673651576043	0.04597608894109732
220	0.27778998017311096	0.3144733935594559	0.04668341338634498
221	0.2751748859882355	0.3125656238198281	0.04739073783159263
222	0.27278462052345276	0.310882682800293	0.048098062276840284
223	0.27061447501182556	0.3094198617339135	0.04880538672208794
224	0.2686595022678375	0.3081722134351731	0.04951271116733559
225	0.2669143080711365	0.3071343436837197	0.050220035612583244
226	0.2646581530570984	0.30558551311492926	0.0509273600578309
227	0.26256710290908813	0.3042017874121667	0.05163468450307855
228	0.2606871426105499	0.3030291515588761	0.052342008948326205
229	0.25901269912719727	0.30206203252077113	0.05304933339357386
230	0.25753793120384216	0.30129458904266365	0.05375665783882151
231	0.25625699758529663	0.3007209798693658	0.054463982284069165
232	0.2547709047794342	0.299942211508751	0.05517130672931682
233	0.2533380091190338	0.2992166402935983	0.05587863117456447
234	0.25151515007019043	0.29810110569000253	0.056585955619812126
235	0.24987031519412994	0.29716359525918973	0.05729328006505978
236	0.24839837849140167	0.2963989830017091	0.05800060451030743
237	0.2470940798521042	0.2958020088076593	0.058707928955555086
238	0.24586334824562073	0.29527860164642344	0.05941525340080274
239	0.2444896250963211	0.2946122029423715	0.06012257784605039
240	0.24325959384441376	0.2940894961357118	0.060829902291298046
241	0.2421686053276062	0.2937058320641519	0.0615372267365457
242	0.24097862839698792	0.29322317957878125	0.06224455118179335
243	0.23927956819534302	0.29223144382238403	0.062951875627041
244	0.23606590926647186	0.2897251093387605	0.06365920007228866
245	0.2345200777053833	0.2888866022229196	0.06436652451753631
246	0.2329414039850235	0.28801525294780744	0.06507384896278397
247	0.23096463084220886	0.2867458042502405	0.06578117340803162
248	0.22915726900100708	0.28564576685428633	0.06648849785327927
249	0.22751681506633759	0.2847126373648645	0.06719582229852693
250	0.22601862251758575	0.2839217692613603	0.06790314674377458
251	0.2245427966117859	0.28315326780080813	0.06861047118902223
252	0.22318890690803528	0.28250670254230514	0.06931779563426989
253	0.22187472879886627	0.2818998488783838	0.07002512007951754
254	0.22066067159175873	0.2813931161165239	0.0707324445247652
255	0.21936264634132385	0.2808024153113367	0.07143976897001285
256	0.21762540936470032	0.2797725027799608	0.0721470934152605
257	0.2160516232252121	0.27890604108572026	0.07285441786050816
258	0.21450813114643097	0.27806987345218676	0.07356174230575581
259	0.21309535205364227	0.27736441880464574	0.07426906675100346
260	0.2116948664188385	0.2766712576150896	0.07497639119625112
261	0.2104325145483017	0.27611623018980047	0.07568371564149877
262	0.20917800068855286	0.27556904077529926	0.07639104008674642
263	0.2080497145652771	0.2751480790972712	0.07709836453199408
264	0.20694975554943085	0.27475544452667255	0.07780568897724173
265	0.20512062311172485	0.27363363653421424	0.07851301342248938
266	0.2017470747232437	0.2709674125909807	0.07922033786773704
267	0.20012496411800385	0.27005262643098854	0.07992766231298469
268	0.19864371418952942	0.26927870094776174	0.08063498675823234
269	0.19729897379875183	0.26864128500223183	0.08134231120348
270	0.19608640670776367	0.2681360423564913	0.08204963564872765
271	0.19492971897125244	0.26768667906522775	0.0827569600939753
272	0.19384537637233734	0.2673096609115603	0.08346428453922296
273	0.19283810257911682	0.26700971156358744	0.08417160898447061
274	0.19144593179225922	0.26632486522197746	0.08487893342971826
275	0.18996809422969818	0.2655543521046641	0.08558625787496592
276	0.1885383129119873	0.26483189523220085	0.08629358232021357
277	0.18721342086791992	0.26421432763338115	0.08700090676546123
278	0.1859164535999298	0.26362468481063867	0.08770823121070888
279	0.18474124372005463	0.26315679937601116	0.08841555565595653
280	0.18357279896736145	0.2626956790685656	0.08912288010120419
281	0.18252815306186676	0.2623583576083186	0.08983020454645184
282	0.18149961531162262	0.2620371443033221	0.09053752899169949
283	0.18057502806186676	0.2618198814988139	0.09124485343694715
284	0.17942531406879425	0.261377491950989	0.0919521778821948
285	0.1779313087463379	0.26059081107378035	0.09265950232744245
286	0.17658641934394836	0.25995324611663845	0.0933668267726901
287	0.17533788084983826	0.259412032067776	0.09407415121793776
288	0.17413051426410675	0.25891198992729214	0.09478147566318541
289	0.17304563522338867	0.25853443533182174	0.09548880010843307
290	0.1720251739025116	0.2582212984561923	0.09619612455368072
291	0.17105992138385773	0.2579633703827861	0.09690344899892837
292	0.1701573133468628	0.2577680867910388	0.09761077344417603
293	0.16902616620063782	0.2573442640900615	0.09831809788942368
294	0.16764509677886963	0.25667051911354094	0.09902542233467133
295	0.16638696193695068	0.2561197087168697	0.09973274677991899
296	0.16521404683589935	0.25565411806106597	0.10044007122516664
297	0.16407610476016998	0.2552235004305843	0.1011473956704143
298	0.16302496194839478	0.2548796820640567	0.10185472011566195
299	0.1620042622089386	0.2545663067698482	0.1025620445609096
300	0.16107070446014404	0.2543400734663013	0.10326936900615726
301	0.1601642519235611	0.254140945374966	0.10397669345140491
302	0.15934421122074127	0.2540282291173938	0.10468401789665256
303	0.15854895114898682	0.25394029349088704	0.10539134234190022
304	0.15748931467533112	0.25358798146247896	0.10609866678714787
305	0.15615779161453247	0.252963782846928	0.10680599123239552
306	0.15491196513175964	0.2524252808094028	0.10751331567764318
307	0.1537647694349289	0.25198540955781973	0.10822064012289083
308	0.15271379053592682	0.2516417551040653	0.10892796456813848
309	0.15175652503967285	0.251391814053059	0.10963528901338614
310	0.15087270736694336	0.2512153208255771	0.11034261345863379
311	0.15000669658184052	0.25105663448572196	0.11104993790388144
312	0.14922943711280823	0.2509866994619373	0.1117572623491291
313	0.14845608174800873	0.2509206685423855	0.11246458679437675
314	0.14776508510112762	0.250936996340752	0.1131719112396244
315	0.1467558741569519	0.25063510984182397	0.11387923568487206
316	0.14572125673294067	0.25030781686306036	0.11458656013011971
317	0.14473067224025726	0.25002455681562463	0.11529388457536736
318	0.14378584921360016	0.24978705823421515	0.11600120902061502
319	0.14290055632591248	0.24960908979177515	0.11670853346586267
320	0.141938716173172	0.2493545740842823	0.11741585791111032
321	0.1410500556230545	0.2491732379794125	0.11812318235635798
322	0.14023251831531525	0.24906302511692086	0.11883050680160563
323	0.1394841969013214	0.2490220281481747	0.11953783124685328
324	0.13876207172870636	0.24900722742080728	0.12024515569210094
325	0.13808096945285797	0.24903344959020657	0.12095248013734859
326	0.13880307972431183	0.24904823541641274	0.12024515569210094
327	0.1395104080438614	0.24904823929071468	0.11953783124685328
328	0.13814298808574677	0.24909546822309536	0.12095248013734859
329	0.13746188580989838	0.2491216903924946	0.12165980458259625
330	0.1366804838180542	0.2490476128458981	0.1223671290278439
331	0.1357026994228363	0.24877715289592783	0.12307445347309155
332	0.13479535281658173	0.24857713073492094	0.1237817779183392
333	0.13395650684833527	0.24844560921192213	0.12448910236358686
334	0.13314193487167358	0.2483383616805081	0.1251964268088345
335	0.1323697715997696	0.24827352285385174	0.12590375125408215
336	0.13161392509937286	0.2482250007987027	0.1266110756993298
337	0.13071517646312714	0.2480335766077046	0.12731840014457746
338	0.12991315126419067	0.2479388758540158	0.1280257245898251
339	0.12920434772968292	0.24793739676475568	0.12873304903507277
340	0.12849697470664978	0.24793734818697022	0.12944037348032042
341	0.12920580804347992	0.24793885707855268	0.12873304903507277
342	0.12784719467163086	0.24799489259719892	0.13014769792556807
343	0.1264421045780182	0.24729712694883393	0.13085502237081573
344	0.12562249600887299	0.24718484282493636	0.13156234681606338
345	0.12489257752895355	0.2471622487902646	0.13226967126131103
346	0.12408795207738876	0.24706494778394744	0.1329769957065587
347	0.12184525281190872	0.24552957296371508	0.13368432015180634
348	0.12047368288040161	0.2448653274774556	0.134391644597054
349	0.11902376264333725	0.24412273168563892	0.13509896904230165
350	0.11754031479358673	0.24334660828113602	0.1358062934875493
351	0.11599808186292648	0.24251169979572346	0.13651361793279695
352	0.11338845640420914	0.24060939878225374	0.1372209423780446
353	0.1112573891878128	0.23918565601110509	0.13792826682329226
354	0.10957804322242737	0.23821363449096727	0.13863559126853991
355	0.10832419991493225	0.23766711562871984	0.13934291571378757
356	0.10747044533491135	0.23752068549394656	0.14005024015903522
357	0.10646574199199677	0.23722330659627966	0.14075756460428288
358	0.10572320222854614	0.23718809127807666	0.14146488904953053
359	0.10526157170534134	0.23743378520011954	0.14217221349477818
360	0.10393523424863815	0.23681477218866398	0.14287953794002584
361	0.10235237330198288	0.2359392356872564	0.1435868623852735
362	0.10095156729221344	0.23524575412273457	0.14429418683052114
363	0.0997224897146225	0.2347240009903913	0.1450015112757688
364	0.09865539520978928	0.23436423093080572	0.14570883572101645
365	0.09774104505777359	0.2341572052240377	0.1464161601662641
366	0.09697069972753525	0.234094184339047	0.14712348461151176
367	0.09633614867925644	0.23416695773601587	0.1478308090567594
368	0.09582959115505219	0.23436772465705924	0.14853813350200706
369	0.09656985104084015	0.23440066009759958	0.1478308090567594
370	0.09734019637107849	0.23446368098259024	0.14712348461151176
371	0.09593528509140015	0.2344734185934072	0.14853813350200706
372	0.0966450423002243	0.23447585135698373	0.1478308090567594
373	0.09741536527872086	0.2345388498902326	0.14712348461151176
374	0.0960104689002037	0.23454860240221076	0.14853813350200706
375	0.09742992371320724	0.234553408324719	0.14712348461151176
376	0.09673953056335449	0.23457033962011392	0.1478308090567594
377	0.09816274791955948	0.2345789080858236	0.1464161601662641
378	0.09749662131071091	0.23462010592222265	0.14712348461151176
379	0.09609469771385193	0.23463283121585898	0.14853813350200706
380	0.09825453162193298	0.2346706917881971	0.1464161601662641
381	0.09542873501777649	0.23467419296503123	0.14924545794725472
382	0.09825986623764038	0.2346760264039045	0.1464161601662641
383	0.09544369578361511	0.23468915373086985	0.14924545794725472
384	0.09686503559350967	0.2346958446502691	0.1478308090567594
385	0.09546013176441193	0.23470558971166666	0.14924545794725472
386	0.09618068486452103	0.23471881836652808	0.14853813350200706
387	0.09902488440275192	0.23473372012376836	0.14570883572101645
388	0.09832973033189774	0.23474589049816186	0.1464161601662641
389	0.09550391137599945	0.2347493693232542	0.14924545794725472
390	0.09625142067670822	0.23478955417871528	0.14853813350200706
391	0.09697069972753525	0.23480150878429468	0.1478308090567594
392	0.09697069972753525	0.23480150878429468	0.1478308090567594
393	0.09697069972753525	0.23480150878429468	0.1478308090567594
394	0.09697069972753525	0.23480150878429468	0.1478308090567594
395	0.09697069972753525	0.23480150878429468	0.1478308090567594
396	0.09697069972753525	0.23480150878429468	0.1478308090567594
397	0.09697069972753525	0.23480150878429468	0.1478308090567594
398	0.09697069972753525	0.23480150878429468	0.1478308090567594
399	0.09697069972753525	0.23480150878429468	0.1478308090567594
400	0.09697069972753525	0.23480150878429468	0.1478308090567594
401	0.09697069972753525	0.23480150878429468	0.1478308090567594
402	0.09697069972753525	0.23480150878429468	0.1478308090567594
403	0.09697069972753525	0.23480150878429468	0.1478308090567594
404	0.09697069972753525	0.23480150878429468	0.1478308090567594
405	0.09697069972753525	0.23480150878429468	0.1478308090567594
406	0.09697069972753525	0.23480150878429468	0.1478308090567594
407	0.09701505303382874	0.23484586209058816	0.1478308090567594
408	0.09702175110578537	0.2348525601625448	0.1478308090567594
409	0.09702911972999573	0.23485992878675516	0.1478308090567594
410	0.09561685472726822	0.23486231267452296	0.14924545794725472
411	0.09774104505777359	0.23486452966928534	0.14712348461151176
412	0.09774104505777359	0.23486452966928534	0.14712348461151176
413	0.09774104505777359	0.23486452966928534	0.14712348461151176
414	0.09774104505777359	0.23486452966928534	0.14712348461151176
415	0.09774104505777359	0.23486452966928534	0.14712348461151176
416	0.09774104505777359	0.23486452966928534	0.14712348461151176
417	0.09774104505777359	0.23486452966928534	0.14712348461151176
418	0.09774104505777359	0.23486452966928534	0.14712348461151176
419	0.09774104505777359	0.23486452966928534	0.14712348461151176
420	0.09774104505777359	0.23486452966928534	0.14712348461151176
421	0.09774104505777359	0.23486452966928534	0.14712348461151176
422	0.09774104505777359	0.23486452966928534	0.14712348461151176
423	0.09774104505777359	0.23486452966928534	0.14712348461151176
424	0.09774104505777359	0.23486452966928534	0.14712348461151176
425	0.09774104505777359	0.23486452966928534	0.14712348461151176
426	0.09774104505777359	0.23486452966928534	0.14712348461151176
427	0.09562592953443527	0.23487138748169	0.14924545794725472
428	0.09633614867925644	0.2348742821812635	0.14853813350200706
429	0.09633614867925644	0.2348742821812635	0.14853813350200706
430	0.09633614867925644	0.2348742821812635	0.14853813350200706
431	0.09633614867925644	0.2348742821812635	0.14853813350200706
432	0.09633614867925644	0.2348742821812635	0.14853813350200706
433	0.09633614867925644	0.2348742821812635	0.14853813350200706
434	0.09633614867925644	0.2348742821812635	0.14853813350200706
435	0.09633614867925644	0.2348742821812635	0.14853813350200706
436	0.09633614867925644	0.2348742821812635	0.14853813350200706
437	0.09633614867925644	0.2348742821812635	0.14853813350200706
438	0.09633614867925644	0.2348742821812635	0.14853813350200706
439	0.09633614867925644	0.2348742821812635	0.14853813350200706
440	0.09633614867925644	0.2348742821812635	0.14853813350200706
441	0.09633614867925644	0.2348742821812635	0.14853813350200706
442	0.09633614867925644	0.2348742821812635	0.14853813350200706
443	0.09633614867925644	0.2348742821812635	0.14853813350200706
444	0.09633872658014297	0.23487686008215003	0.14853813350200706
445	0.09775945544242859	0.23488294005394034	0.14712348461151176
446	0.09777937084436417	0.23490285545587591	0.14712348461151176
447	0.09495356678962708	0.23490634918212944	0.14995278239250237
448	0.09709332138299942	0.23492413043975885	0.1478308090567594
449	0.09639626741409302	0.23493440091610007	0.14853813350200706
450	0.0971042588353157	0.23493506789207513	0.1478308090567594
451	0.09499137103557587	0.23494415342807823	0.14995278239250237
452	0.0992378368973732	0.23494667261838964	0.14570883572101645
453	0.09641386568546295	0.23495199918747	0.14853813350200706
454	0.09783708304166794	0.23496056765317969	0.14712348461151176
455	0.09784860163927078	0.23497208625078253	0.14712348461151176
456	0.09785906970500946	0.2349825543165212	0.14712348461151176
457	0.09574585407972336	0.2349913120269781	0.14924545794725472
458	0.09504284709692001	0.23499562948942238	0.14995278239250237
459	0.09716667979955673	0.23499748885631616	0.1478308090567594
460	0.09717094898223877	0.2350017580389982	0.1478308090567594
461	0.0957798883318901	0.23502534627914484	0.14924545794725472
462	0.09932161867618561	0.23503045439720205	0.14570883572101645
463	0.09862012416124344	0.23503628432750756	0.1464161601662641
464	0.09862157702445984	0.23503773719072396	0.1464161601662641
465	0.09791462868452072	0.23503811329603247	0.14712348461151176
466	0.09793419390916824	0.23505767852068	0.14712348461151176
467	0.09793609380722046	0.2350595784187322	0.14712348461151176
468	0.09511028975248337	0.23506307214498573	0.14995278239250237
469	0.09440905600786209	0.23506916284561213	0.15066010683775002
470	0.0934567078948021	0.23482413917779976	0.15136743128299768
471	0.09251879900693893	0.23459355473518428	0.15207475572824533
472	0.09167659282684326	0.23445867300033624	0.15278208017349298
473	0.09085654467344284	0.2343459492921835	0.15348940461874064
474	0.09010668843984604	0.23430341750383432	0.1541967290639883
475	0.08941199630498886	0.23431604981422482	0.15490405350923594
476	0.08944579213857651	0.23434984564781247	0.15490405350923594
477	0.09016186743974686	0.23435859650373514	0.1541967290639883
478	0.08875110000371933	0.23436247795820292	0.1556113779544836
479	0.09092672914266586	0.23441613376140652	0.15348940461874064
480	0.08883605897426605	0.23444743692874964	0.1556113779544836
481	0.09026584029197693	0.2344625693559652	0.1541967290639883
482	0.09169875085353851	0.2344808310270315	0.15278208017349298
483	0.08887062966823578	0.23448200762271937	0.1556113779544836
484	0.08958592265844345	0.23448997616767941	0.15490405350923594
485	0.09100405126810074	0.2344934558868414	0.15348940461874064
486	0.08817516267299652	0.2344938650727278	0.15631870239973125
487	0.0881759449839592	0.23449464738369047	0.15631870239973125
488	0.0896906703710556	0.23459472388029157	0.15490405350923594
489	0.09042811393737793	0.2346248430013662	0.1541967290639883
490	0.08760000020265579	0.2346260270476347	0.1570260268449789
491	0.08837265521287918	0.23469135761261045	0.15631870239973125
492	0.08837802708148956	0.23469672948122083	0.15631870239973125
493	0.08768332749605179	0.23470935434103068	0.1570260268449789
494	0.08980692923069	0.23471098273992597	0.15490405350923594
495	0.09263667464256287	0.23471143037080822	0.15207475572824533
496	0.0919419676065445	0.23472404778003747	0.15278208017349298
497	0.08912251889705658	0.23473389685154017	0.1556113779544836
498	0.08771175891160965	0.23473778575658855	0.1570260268449789
499	0.09055288136005402	0.2347496104240423	0.1541967290639883
500	0.09055674076080322	0.2347534698247915	0.1541967290639883
501	0.08914608508348465	0.23475746303796824	0.1556113779544836
502	0.09130269289016724	0.2347920975089079	0.15348940461874064
503	0.08918274194002151	0.2347941198945051	0.1556113779544836
504	0.08989203721284866	0.23479609072208463	0.15490405350923594
505	0.09061231464147568	0.23480904370546396	0.1541967290639883
506	0.08919807523488998	0.23480945318937357	0.1556113779544836
507	0.08993255347013474	0.2348366069793707	0.15490405350923594
508	0.09347113966941833	0.234838570952416	0.15136743128299768
509	0.09262894093990326	0.2347036966681486	0.15207475572824533
510	0.09187906980514526	0.23466114997863824	0.15278208017349298
511	0.09121819585561752	0.23470760047435818	0.15348940461874064
512	0.09124726802110672	0.23473667263984738	0.15348940461874064
513	0.090584397315979	0.2347811263799673	0.1541967290639883
514	0.09199909120798111	0.23478117138147409	0.15278208017349298
515	0.0906430184841156	0.23483974754810388	0.1541967290639883
516	0.08852189779281616	0.23484060019254743	0.15631870239973125
517	0.08710739016532898	0.23484074145555556	0.15773335129022656
518	0.08994946628808975	0.23485351979732572	0.15490405350923594
519	0.09136413782835007	0.23485354244709072	0.15348940461874064
520	0.09136604517698288	0.23485544979572354	0.15348940461874064
521	0.08996471762657166	0.23486877113580762	0.15490405350923594
522	0.08713661134243011	0.2348699626326567	0.15773335129022656
523	0.09139889478683472	0.23488829940557537	0.15348940461874064
524	0.0885709598660469	0.23488966226577818	0.15631870239973125
525	0.0900072529911995	0.23491130650043546	0.15490405350923594
526	0.09142736345529556	0.23491676807403622	0.15348940461874064
527	0.09284324198961258	0.23491799771785793	0.15207475572824533
528	0.09214484691619873	0.2349269270896917	0.15278208017349298
529	0.08931691199541092	0.2349282899498945	0.1556113779544836
530	0.09217717498540878	0.23495925515890176	0.15278208017349298
531	0.09076651185750961	0.2349632409214979	0.1541967290639883
532	0.09077470749616623	0.2349714365601545	0.1541967290639883
533	0.08794678002595901	0.2349728068709379	0.1570260268449789
534	0.08937232196331024	0.23498369991779383	0.1556113779544836
535	0.09220828860998154	0.2349903687834745	0.15278208017349298
536	0.08796487748622894	0.23499090433120784	0.1570260268449789
537	0.0886739045381546	0.23499260693788587	0.15631870239973125
538	0.08727017045021057	0.23500352174043715	0.15773335129022656
539	0.09010668843984604	0.235010741949082	0.15490405350923594
540	0.09010668843984604	0.235010741949082	0.15490405350923594
541	0.09010668843984604	0.235010741949082	0.15490405350923594
542	0.09010668843984604	0.235010741949082	0.15490405350923594
543	0.09010668843984604	0.235010741949082	0.15490405350923594
544	0.09010668843984604	0.235010741949082	0.15490405350923594
545	0.09010668843984604	0.235010741949082	0.15490405350923594
546	0.09010668843984604	0.235010741949082	0.15490405350923594
547	0.09010668843984604	0.235010741949082	0.15490405350923594
548	0.09010668843984604	0.235010741949082	0.15490405350923594
549	0.09010668843984604	0.235010741949082	0.15490405350923594
550	0.09010668843984604	0.235010741949082	0.15490405350923594
551	0.09010668843984604	0.235010741949082	0.15490405350923594
552	0.09010668843984604	0.235010741949082	0.15490405350923594
553	0.09010668843984604	0.235010741949082	0.15490405350923594
554	0.09010668843984604	0.235010741949082	0.15490405350923594
555	0.08941199630498886	0.23502337425947245	0.1556113779544836
556	0.08941199630498886	0.23502337425947245	0.1556113779544836
557	0.08941199630498886	0.23502337425947245	0.1556113779544836
558	0.08941199630498886	0.23502337425947245	0.1556113779544836
559	0.08941199630498886	0.23502337425947245	0.1556113779544836
560	0.08941199630498886	0.23502337425947245	0.1556113779544836
561	0.08941199630498886	0.23502337425947245	0.1556113779544836
562	0.08941199630498886	0.23502337425947245	0.1556113779544836
563	0.08941199630498886	0.23502337425947245	0.1556113779544836
564	0.08941199630498886	0.23502337425947245	0.1556113779544836
565	0.08941199630498886	0.23502337425947245	0.1556113779544836
566	0.08941199630498886	0.23502337425947245	0.1556113779544836
567	0.08941199630498886	0.23502337425947245	0.1556113779544836
568	0.08941199630498886	0.23502337425947245	0.1556113779544836
569	0.08941199630498886	0.23502337425947245	0.1556113779544836
570	0.08941199630498886	0.23502337425947245	0.1556113779544836
571	0.08942372351884842	0.235035101473332	0.1556113779544836
572	0.08801305294036865	0.23503907978534755	0.1570260268449789
573	0.08801591396331787	0.23504194080829677	0.1570260268449789
574	0.09014397859573364	0.2350480321049696	0.15490405350923594
575	0.09085654467344284	0.23505327373743112	0.1541967290639883
576	0.09085654467344284	0.23505327373743112	0.1541967290639883
577	0.09085654467344284	0.23505327373743112	0.1541967290639883
578	0.09085654467344284	0.23505327373743112	0.1541967290639883
579	0.09085654467344284	0.23505327373743112	0.1541967290639883
580	0.09085654467344284	0.23505327373743112	0.1541967290639883
581	0.09085654467344284	0.23505327373743112	0.1541967290639883
582	0.09085654467344284	0.23505327373743112	0.1541967290639883
583	0.09085654467344284	0.23505327373743112	0.1541967290639883
584	0.09085654467344284	0.23505327373743112	0.1541967290639883
585	0.09085654467344284	0.23505327373743112	0.1541967290639883
586	0.09085654467344284	0.23505327373743112	0.1541967290639883
587	0.09085654467344284	0.23505327373743112	0.1541967290639883
588	0.09085654467344284	0.23505327373743112	0.1541967290639883
589	0.09085654467344284	0.23505327373743112	0.1541967290639883
590	0.09085654467344284	0.23505327373743112	0.1541967290639883
591	0.09015042334794998	0.23505447685718595	0.15490405350923594
592	0.08944579213857651	0.2350571700930601	0.1556113779544836
593	0.08944579213857651	0.2350571700930601	0.1556113779544836
594	0.08944579213857651	0.2350571700930601	0.1556113779544836
595	0.08944579213857651	0.2350571700930601	0.1556113779544836
596	0.08944579213857651	0.2350571700930601	0.1556113779544836
597	0.08944579213857651	0.2350571700930601	0.1556113779544836
598	0.08944579213857651	0.2350571700930601	0.1556113779544836
599	0.08944579213857651	0.2350571700930601	0.1556113779544836
600	0.08944579213857651	0.2350571700930601	0.1556113779544836
601	0.08944579213857651	0.2350571700930601	0.1556113779544836
602	0.08944579213857651	0.2350571700930601	0.1556113779544836
603	0.08944579213857651	0.2350571700930601	0.1556113779544836
604	0.08944579213857651	0.2350571700930601	0.1556113779544836
605	0.08944579213857651	0.2350571700930601	0.1556113779544836
606	0.08944579213857651	0.2350571700930601	0.1556113779544836
607	0.08944579213857651	0.2350571700930601	0.1556113779544836
608	0.09016186743974686	0.23506592094898282	0.15490405350923594
609	0.09016186743974686	0.23506592094898282	0.15490405350923594
610	0.09016186743974686	0.23506592094898282	0.15490405350923594
611	0.09016186743974686	0.23506592094898282	0.15490405350923594
612	0.09016186743974686	0.23506592094898282	0.15490405350923594
613	0.09016186743974686	0.23506592094898282	0.15490405350923594
614	0.09016186743974686	0.23506592094898282	0.15490405350923594
615	0.09016186743974686	0.23506592094898282	0.15490405350923594
616	0.09016186743974686	0.23506592094898282	0.15490405350923594
617	0.09016186743974686	0.23506592094898282	0.15490405350923594
618	0.09016186743974686	0.23506592094898282	0.15490405350923594
619	0.09016186743974686	0.23506592094898282	0.15490405350923594
620	0.09016186743974686	0.23506592094898282	0.15490405350923594
621	0.09016186743974686	0.23506592094898282	0.15490405350923594
622	0.09016186743974686	0.23506592094898282	0.15490405350923594
623	0.09016186743974686	0.23506592094898282	0.15490405350923594
624	0.08875110000371933	0.2350698024034506	0.15631870239973125
625	0.08875110000371933	0.2350698024034506	0.15631870239973125
626	0.08875110000371933	0.2350698024034506	0.15631870239973125
627	0.08875110000371933	0.2350698024034506	0.15631870239973125
628	0.08875110000371933	0.2350698024034506	0.15631870239973125
629	0.08875110000371933	0.2350698024034506	0.15631870239973125
630	0.08875110000371933	0.2350698024034506	0.15631870239973125
631	0.08875110000371933	0.2350698024034506	0.15631870239973125
632	0.08875110000371933	0.2350698024034506	0.15631870239973125
633	0.08875110000371933	0.2350698024034506	0.15631870239973125
634	0.08875110000371933	0.2350698024034506	0.15631870239973125
635	0.08875110000371933	0.2350698024034506	0.15631870239973125
636	0.08875110000371933	0.2350698024034506	0.15631870239973125
637	0.08875110000371933	0.2350698024034506	0.15631870239973125
638	0.08875110000371933	0.2350698024034506	0.15631870239973125
639	0.08875110000371933	0.2350698024034506	0.15631870239973125
640	0.09511802345514297	0.23507080584764534	0.14995278239250237
641	0.09865539520978928	0.2350715553760534	0.1464161601662641
642	0.09865539520978928	0.2350715553760534	0.1464161601662641
643	0.09865539520978928	0.2350715553760534	0.1464161601662641
644	0.09865539520978928	0.2350715553760534	0.1464161601662641
645	0.09865539520978928	0.2350715553760534	0.1464161601662641
646	0.09865539520978928	0.2350715553760534	0.1464161601662641
647	0.09865539520978928	0.2350715553760534	0.1464161601662641
648	0.09865539520978928	0.2350715553760534	0.1464161601662641
649	0.09865539520978928	0.2350715553760534	0.1464161601662641
650	0.09865539520978928	0.2350715553760534	0.1464161601662641
651	0.09865539520978928	0.2350715553760534	0.1464161601662641
652	0.09865539520978928	0.2350715553760534	0.1464161601662641
653	0.09865539520978928	0.2350715553760534	0.1464161601662641
654	0.09865539520978928	0.2350715553760534	0.1464161601662641
655	0.09865539520978928	0.2350715553760534	0.1464161601662641
656	0.09865539520978928	0.2350715553760534	0.1464161601662641
657	0.09653616696596146	0.2350743004679685	0.14853813350200706
658	0.09582959115505219	0.23507504910230692	0.14924545794725472
659	0.09582959115505219	0.23507504910230692	0.14924545794725472
660	0.09582959115505219	0.23507504910230692	0.14924545794725472
661	0.09582959115505219	0.23507504910230692	0.14924545794725472
662	0.09582959115505219	0.23507504910230692	0.14924545794725472
663	0.09582959115505219	0.23507504910230692	0.14924545794725472
664	0.09582959115505219	0.23507504910230692	0.14924545794725472
665	0.09582959115505219	0.23507504910230692	0.14924545794725472
666	0.09582959115505219	0.23507504910230692	0.14924545794725472
667	0.09582959115505219	0.23507504910230692	0.14924545794725472
668	0.09582959115505219	0.23507504910230692	0.14924545794725472
669	0.09582959115505219	0.23507504910230692	0.14924545794725472
670	0.09582959115505219	0.23507504910230692	0.14924545794725472
671	0.09582959115505219	0.23507504910230692	0.14924545794725472
672	0.09582959115505219	0.23507504910230692	0.14924545794725472
673	0.09582959115505219	0.23507504910230692	0.14924545794725472
674	0.09724866598844528	0.2350794750452047	0.1478308090567594
675	0.08876577764749527	0.23508448004722654	0.15631870239973125
676	0.08664398640394211	0.2350846621394163	0.1584406757354742
677	0.08735502511262894	0.23508837640285551	0.15773335129022656
678	0.09655393660068512	0.23509207010269217	0.14853813350200706
679	0.09655396640300751	0.23509209990501456	0.14853813350200706
680	0.08948113024234772	0.2350925081968313	0.1556113779544836
681	0.09089579433202744	0.23509252339601572	0.1541967290639883
682	0.09301932156085968	0.23509407728910503	0.15207475572824533
683	0.09019139409065247	0.23509544759988843	0.15490405350923594
684	0.10009507089853287	0.23509658217430168	0.1450015112757688
685	0.09726785123348236	0.2350986602902418	0.1478308090567594
686	0.09090264141559601	0.2350993704795843	0.1541967290639883
687	0.09585501998662949	0.23510047793388422	0.14924545794725472
688	0.08878491818904877	0.23510362058878004	0.15631870239973125
689	0.08807841688394547	0.23510444372892436	0.1570260268449789
690	0.09939680993556976	0.2351056456565862	0.14570883572101645
691	0.09656985104084015	0.2351079845428472	0.14853813350200706
692	0.09656985104084015	0.2351079845428472	0.14853813350200706
693	0.09656985104084015	0.2351079845428472	0.14853813350200706
694	0.09656985104084015	0.2351079845428472	0.14853813350200706
695	0.09656985104084015	0.2351079845428472	0.14853813350200706
696	0.09656985104084015	0.2351079845428472	0.14853813350200706
697	0.09656985104084015	0.2351079845428472	0.14853813350200706
698	0.09656985104084015	0.2351079845428472	0.14853813350200706
699	0.09656985104084015	0.2351079845428472	0.14853813350200706
700	0.09656985104084015	0.2351079845428472	0.14853813350200706
701	0.09656985104084015	0.2351079845428472	0.14853813350200706
702	0.09656985104084015	0.2351079845428472	0.14853813350200706
703	0.09656985104084015	0.2351079845428472	0.14853813350200706
704	0.09656985104084015	0.2351079845428472	0.14853813350200706
705	0.09656985104084015	0.2351079845428472	0.14853813350200706
706	0.09656985104084015	0.2351079845428472	0.14853813350200706
707	0.09586357325315475	0.2351090312004095	0.14924545794725472
708	0.09728429466485977	0.2351151037216192	0.1478308090567594
709	0.09869921207427979	0.2351153722405439	0.1464161601662641
710	0.09233676642179489	0.23511884659528787	0.15278208017349298
711	0.09092672914266586	0.23512345820665415	0.1541967290639883
712	0.09092672914266586	0.23512345820665415	0.1541967290639883
713	0.09092672914266586	0.23512345820665415	0.1541967290639883
714	0.09092672914266586	0.23512345820665415	0.1541967290639883
715	0.09092672914266586	0.23512345820665415	0.1541967290639883
716	0.09092672914266586	0.23512345820665415	0.1541967290639883
717	0.09092672914266586	0.23512345820665415	0.1541967290639883
718	0.09092672914266586	0.23512345820665415	0.1541967290639883
719	0.09092672914266586	0.23512345820665415	0.1541967290639883
720	0.09092672914266586	0.23512345820665415	0.1541967290639883
721	0.09092672914266586	0.23512345820665415	0.1541967290639883
722	0.09092672914266586	0.23512345820665415	0.1541967290639883
723	0.09092672914266586	0.23512345820665415	0.1541967290639883
724	0.09092672914266586	0.23512345820665415	0.1541967290639883
725	0.09092672914266586	0.23512345820665415	0.1541967290639883
726	0.09092672914266586	0.23512345820665415	0.1541967290639883
727	0.0895126536488533	0.2351240316033369	0.1556113779544836
728	0.09517160058021545	0.23512438297271782	0.14995278239250237
729	0.09022350609302521	0.23512755960226117	0.15490405350923594
730	0.08669424802064896	0.23513492375612316	0.1584406757354742
731	0.0973106250166893	0.23514143407344873	0.1478308090567594
732	0.08882435411214828	0.23514305651187956	0.15631870239973125
733	0.09094718843698502	0.2351439175009733	0.1541967290639883
734	0.09448479861021042	0.23514490544796046	0.15066010683775002
735	0.09661175310611725	0.2351498866081243	0.14853813350200706
736	0.09378311038017273	0.2351505416631704	0.15136743128299768
737	0.09449387341737747	0.23515398025512751	0.15066010683775002
738	0.09367382526397705	0.23504125654697472	0.15136743128299768
739	0.09297913312911987	0.23505388885736522	0.15207475572824533
740	0.08883605897426605	0.23515476137399732	0.15631870239973125
741	0.08883605897426605	0.23515476137399732	0.15631870239973125
742	0.08883605897426605	0.23515476137399732	0.15631870239973125
743	0.08883605897426605	0.23515476137399732	0.15631870239973125
744	0.08883605897426605	0.23515476137399732	0.15631870239973125
745	0.08883605897426605	0.23515476137399732	0.15631870239973125
746	0.08883605897426605	0.23515476137399732	0.15631870239973125
747	0.08883605897426605	0.23515476137399732	0.15631870239973125
748	0.08883605897426605	0.23515476137399732	0.15631870239973125
749	0.08883605897426605	0.23515476137399732	0.15631870239973125
750	0.08883605897426605	0.23515476137399732	0.15631870239973125
751	0.08883605897426605	0.23515476137399732	0.15631870239973125
752	0.08883605897426605	0.23515476137399732	0.15631870239973125
753	0.08883605897426605	0.23515476137399732	0.15631870239973125
754	0.08883605897426605	0.23515476137399732	0.15631870239973125
755	0.08883605897426605	0.23515476137399732	0.15631870239973125
756	0.0966181680560112	0.23515630155801825	0.14853813350200706
757	0.0930827185511589	0.23515747427940425	0.15207475572824533
758	0.08954969793558121	0.2351610758900648	0.1556113779544836
759	0.09167659282684326	0.23516599744558392	0.15348940461874064
760	0.09167659282684326	0.23516599744558392	0.15348940461874064
761	0.09167659282684326	0.23516599744558392	0.15348940461874064
762	0.09167659282684326	0.23516599744558392	0.15348940461874064
763	0.09167659282684326	0.23516599744558392	0.15348940461874064
764	0.09167659282684326	0.23516599744558392	0.15348940461874064
765	0.09167659282684326	0.23516599744558392	0.15348940461874064
766	0.09167659282684326	0.23516599744558392	0.15348940461874064
767	0.09167659282684326	0.23516599744558392	0.15348940461874064
768	0.09167659282684326	0.23516599744558392	0.15348940461874064
769	0.09167659282684326	0.23516599744558392	0.15348940461874064
770	0.09167659282684326	0.23516599744558392	0.15348940461874064
771	0.09167659282684326	0.23516599744558392	0.15348940461874064
772	0.09167659282684326	0.23516599744558392	0.15348940461874064
773	0.09167659282684326	0.23516599744558392	0.15348940461874064
774	0.09167659282684326	0.23516599744558392	0.15348940461874064
775	0.09026584029197693	0.2351698938012129	0.15490405350923594
776	0.09026584029197693	0.2351698938012129	0.15490405350923594
777	0.09026584029197693	0.2351698938012129	0.15490405350923594
778	0.09026584029197693	0.2351698938012129	0.15490405350923594
779	0.09026584029197693	0.2351698938012129	0.15490405350923594
780	0.09026584029197693	0.2351698938012129	0.15490405350923594
781	0.09026584029197693	0.2351698938012129	0.15490405350923594
782	0.09026584029197693	0.2351698938012129	0.15490405350923594
783	0.09026584029197693	0.2351698938012129	0.15490405350923594
784	0.09026584029197693	0.2351698938012129	0.15490405350923594
785	0.09026584029197693	0.2351698938012129	0.15490405350923594
786	0.09026584029197693	0.2351698938012129	0.15490405350923594
787	0.09026584029197693	0.2351698938012129	0.15490405350923594
788	0.09026584029197693	0.2351698938012129	0.15490405350923594
789	0.09026584029197693	0.2351698938012129	0.15490405350923594
790	0.09026584029197693	0.2351698938012129	0.15490405350923594
791	0.09026587009429932	0.23516992360353528	0.15490405350923594
792	0.09097327291965485	0.23517000198364313	0.1541967290639883
793	0.09734019637107849	0.23517100542783792	0.1478308090567594
794	0.09734019637107849	0.23517100542783792	0.1478308090567594
795	0.09734019637107849	0.23517100542783792	0.1478308090567594
796	0.09734019637107849	0.23517100542783792	0.1478308090567594
797	0.09734019637107849	0.23517100542783792	0.1478308090567594
798	0.09734019637107849	0.23517100542783792	0.1478308090567594
799	0.09734019637107849	0.23517100542783792	0.1478308090567594
800	0.09734019637107849	0.23517100542783792	0.1478308090567594
801	0.09734019637107849	0.23517100542783792	0.1478308090567594
802	0.09734019637107849	0.23517100542783792	0.1478308090567594
803	0.09734019637107849	0.23517100542783792	0.1478308090567594
804	0.09734019637107849	0.23517100542783792	0.1478308090567594
805	0.09734019637107849	0.23517100542783792	0.1478308090567594
806	0.09734019637107849	0.23517100542783792	0.1478308090567594
807	0.09734019637107849	0.23517100542783792	0.1478308090567594
808	0.09734019637107849	0.23517100542783792	0.1478308090567594
809	0.0874379426240921	0.23517129391431868	0.15773335129022656
810	0.08956270664930344	0.23517408460378703	0.1556113779544836
811	0.09593528509140015	0.23518074303865488	0.14924545794725472
812	0.09593528509140015	0.23518074303865488	0.14924545794725472
813	0.09593528509140015	0.23518074303865488	0.14924545794725472
814	0.09593528509140015	0.23518074303865488	0.14924545794725472
815	0.09593528509140015	0.23518074303865488	0.14924545794725472
816	0.09593528509140015	0.23518074303865488	0.14924545794725472
817	0.09593528509140015	0.23518074303865488	0.14924545794725472
818	0.09593528509140015	0.23518074303865488	0.14924545794725472
819	0.09593528509140015	0.23518074303865488	0.14924545794725472
820	0.09593528509140015	0.23518074303865488	0.14924545794725472
821	0.09593528509140015	0.23518074303865488	0.14924545794725472
822	0.09593528509140015	0.23518074303865488	0.14924545794725472
823	0.09593528509140015	0.23518074303865488	0.14924545794725472
824	0.09593528509140015	0.23518074303865488	0.14924545794725472
825	0.09593528509140015	0.23518074303865488	0.14924545794725472
826	0.09593528509140015	0.23518074303865488	0.14924545794725472
827	0.0966450423002243	0.23518317580223136	0.14853813350200706
828	0.0966450423002243	0.23518317580223136	0.14853813350200706
829	0.0966450423002243	0.23518317580223136	0.14853813350200706
830	0.0966450423002243	0.23518317580223136	0.14853813350200706
831	0.0966450423002243	0.23518317580223136	0.14853813350200706
832	0.0966450423002243	0.23518317580223136	0.14853813350200706
833	0.0966450423002243	0.23518317580223136	0.14853813350200706
834	0.0966450423002243	0.23518317580223136	0.14853813350200706
835	0.0966450423002243	0.23518317580223136	0.14853813350200706
836	0.0966450423002243	0.23518317580223136	0.14853813350200706
837	0.0966450423002243	0.23518317580223136	0.14853813350200706
838	0.0966450423002243	0.23518317580223136	0.14853813350200706
839	0.0966450423002243	0.23518317580223136	0.14853813350200706
840	0.0966450423002243	0.23518317580223136	0.14853813350200706
841	0.0966450423002243	0.23518317580223136	0.14853813350200706
842	0.0966450423002243	0.23518317580223136	0.14853813350200706
843	0.09240318834781647	0.23518526852130944	0.15278208017349298
844	0.08745421469211578	0.23518756598234236	0.15773335129022656
845	0.09169875085353851	0.23518815547227917	0.15348940461874064
846	0.09169875085353851	0.23518815547227917	0.15348940461874064
847	0.09169875085353851	0.23518815547227917	0.15348940461874064
848	0.09169875085353851	0.23518815547227917	0.15348940461874064
849	0.09169875085353851	0.23518815547227917	0.15348940461874064
850	0.09169875085353851	0.23518815547227917	0.15348940461874064
851	0.09169875085353851	0.23518815547227917	0.15348940461874064
852	0.09169875085353851	0.23518815547227917	0.15348940461874064
853	0.09169875085353851	0.23518815547227917	0.15348940461874064
854	0.09169875085353851	0.23518815547227917	0.15348940461874064
855	0.09169875085353851	0.23518815547227917	0.15348940461874064
856	0.09169875085353851	0.23518815547227917	0.15348940461874064
857	0.09169875085353851	0.23518815547227917	0.15348940461874064
858	0.09169875085353851	0.23518815547227917	0.15348940461874064
859	0.09169875085353851	0.23518815547227917	0.15348940461874064
860	0.09169875085353851	0.23518815547227917	0.15348940461874064
861	0.09028434008359909	0.23518839359283505	0.15490405350923594
862	0.09523561596870422	0.23518839836120659	0.14995278239250237
863	0.0916990116238594	0.23518841624260006	0.15348940461874064
864	0.08887062966823578	0.23518933206796705	0.15631870239973125
865	0.08887062966823578	0.23518933206796705	0.15631870239973125
866	0.08887062966823578	0.23518933206796705	0.15631870239973125
867	0.08887062966823578	0.23518933206796705	0.15631870239973125
868	0.08887062966823578	0.23518933206796705	0.15631870239973125
869	0.08887062966823578	0.23518933206796705	0.15631870239973125
870	0.08887062966823578	0.23518933206796705	0.15631870239973125
871	0.08887062966823578	0.23518933206796705	0.15631870239973125
872	0.08887062966823578	0.23518933206796705	0.15631870239973125
873	0.08887062966823578	0.23518933206796705	0.15631870239973125
874	0.08887062966823578	0.23518933206796705	0.15631870239973125
875	0.08887062966823578	0.23518933206796705	0.15631870239973125
876	0.08887062966823578	0.23518933206796705	0.15631870239973125
877	0.08887062966823578	0.23518933206796705	0.15631870239973125
878	0.08887062966823578	0.23518933206796705	0.15631870239973125
879	0.08887062966823578	0.23518933206796705	0.15631870239973125
880	0.08887772262096405	0.23519642502069532	0.15631870239973125
881	0.08958592265844345	0.23519730061292704	0.1556113779544836
882	0.08958592265844345	0.23519730061292704	0.1556113779544836
883	0.08958592265844345	0.23519730061292704	0.1556113779544836
884	0.08958592265844345	0.23519730061292704	0.1556113779544836
885	0.08958592265844345	0.23519730061292704	0.1556113779544836
886	0.08958592265844345	0.23519730061292704	0.1556113779544836
887	0.08958592265844345	0.23519730061292704	0.1556113779544836
888	0.08958592265844345	0.23519730061292704	0.1556113779544836
889	0.08958592265844345	0.23519730061292704	0.1556113779544836
890	0.08958592265844345	0.23519730061292704	0.1556113779544836
891	0.08958592265844345	0.23519730061292704	0.1556113779544836
892	0.08958592265844345	0.23519730061292704	0.1556113779544836
893	0.08958592265844345	0.23519730061292704	0.1556113779544836
894	0.08958592265844345	0.23519730061292704	0.1556113779544836
895	0.08958592265844345	0.23519730061292704	0.1556113779544836
896	0.08958592265844345	0.23519730061292704	0.1556113779544836
897	0.09100405126810074	0.23520078033208902	0.1541967290639883
898	0.09100405126810074	0.23520078033208902	0.1541967290639883
899	0.09100405126810074	0.23520078033208902	0.1541967290639883
900	0.09100405126810074	0.23520078033208902	0.1541967290639883
901	0.09100405126810074	0.23520078033208902	0.1541967290639883
902	0.09100405126810074	0.23520078033208902	0.1541967290639883
903	0.09100405126810074	0.23520078033208902	0.1541967290639883
904	0.09100405126810074	0.23520078033208902	0.1541967290639883
905	0.09100405126810074	0.23520078033208902	0.1541967290639883
906	0.09100405126810074	0.23520078033208902	0.1541967290639883
907	0.09100405126810074	0.23520078033208902	0.1541967290639883
908	0.09100405126810074	0.23520078033208902	0.1541967290639883
909	0.09100405126810074	0.23520078033208902	0.1541967290639883
910	0.09100405126810074	0.23520078033208902	0.1541967290639883
911	0.09100405126810074	0.23520078033208902	0.1541967290639883
912	0.09100405126810074	0.23520078033208902	0.1541967290639883
913	0.08817516267299652	0.23520118951797542	0.1570260268449789
914	0.08817516267299652	0.23520118951797542	0.1570260268449789
915	0.08817516267299652	0.23520118951797542	0.1570260268449789
916	0.08817516267299652	0.23520118951797542	0.1570260268449789
917	0.08817516267299652	0.23520118951797542	0.1570260268449789
918	0.08817516267299652	0.23520118951797542	0.1570260268449789
919	0.08817516267299652	0.23520118951797542	0.1570260268449789
920	0.08817516267299652	0.23520118951797542	0.1570260268449789
921	0.08817516267299652	0.23520118951797542	0.1570260268449789
922	0.08817516267299652	0.23520118951797542	0.1570260268449789
923	0.08817516267299652	0.23520118951797542	0.1570260268449789
924	0.08817516267299652	0.23520118951797542	0.1570260268449789
925	0.08817516267299652	0.23520118951797542	0.1570260268449789
926	0.08817516267299652	0.23520118951797542	0.1570260268449789
927	0.08817516267299652	0.23520118951797542	0.1570260268449789
928	0.08817516267299652	0.23520118951797542	0.1570260268449789
929	0.0959557592868805	0.23520121723413523	0.14924545794725472
930	0.0881759449839592	0.2352019718289381	0.1570260268449789
931	0.0881759449839592	0.2352019718289381	0.1570260268449789
932	0.0881759449839592	0.2352019718289381	0.1570260268449789
933	0.0881759449839592	0.2352019718289381	0.1570260268449789
934	0.0881759449839592	0.2352019718289381	0.1570260268449789
935	0.0881759449839592	0.2352019718289381	0.1570260268449789
936	0.0881759449839592	0.2352019718289381	0.1570260268449789
937	0.0881759449839592	0.2352019718289381	0.1570260268449789
938	0.0881759449839592	0.2352019718289381	0.1570260268449789
939	0.0881759449839592	0.2352019718289381	0.1570260268449789
940	0.0881759449839592	0.2352019718289381	0.1570260268449789
941	0.0881759449839592	0.2352019718289381	0.1570260268449789
942	0.0881759449839592	0.2352019718289381	0.1570260268449789
943	0.0881759449839592	0.2352019718289381	0.1570260268449789
944	0.0881759449839592	0.2352019718289381	0.1570260268449789
945	0.0881759449839592	0.2352019718289381	0.1570260268449789
946	0.0917125791311264	0.23520198374986706	0.15348940461874064
947	0.09029947221279144	0.2352035257220274	0.15490405350923594
948	0.08888889104127884	0.2352075934410101	0.15631870239973125
949	0.09738390892744064	0.23521471798420007	0.1478308090567594
950	0.09102214127779007	0.23521887034177835	0.1541967290639883
951	0.08960797637701035	0.23521935433149394	0.1556113779544836
952	0.08677986264228821	0.2352205383777624	0.1584406757354742
953	0.09880601614713669	0.2352221763134008	0.1464161601662641
954	0.0889040008187294	0.23522270321846067	0.15631870239973125
955	0.09314815700054169	0.23522291272878704	0.15207475572824533
956	0.09234406054019928	0.23512614071369226	0.15278208017349298
957	0.0911572128534317	0.23464661747217236	0.15348940461874064
958	0.09010818600654602	0.2343049150705343	0.1541967290639883
959	0.0891900435090065	0.23409409701824246	0.15490405350923594
960	0.08839617669582367	0.23400755465030726	0.1556113779544836
961	0.0877203494310379	0.23403905183076917	0.15631870239973125
962	0.08715663105249405	0.23418265789747295	0.1570260268449789
963	0.08797318488359451	0.23429188728332578	0.15631870239973125
964	0.08729735761880875	0.23432338446378764	0.1570260268449789
965	0.08876705169677734	0.23437842965126093	0.1556113779544836
966	0.08808424323797226	0.23440294563770353	0.15631870239973125
967	0.08881468325853348	0.23442606121301707	0.1556113779544836
968	0.08669941872358322	0.2344327700138098	0.15773335129022656
969	0.08673363924026489	0.23446699053049147	0.15773335129022656
970	0.08746884018182755	0.23449486702680644	0.1570260268449789
971	0.0896662250161171	0.23457027852535306	0.15490405350923594
972	0.08968520164489746	0.23458925515413342	0.15490405350923594
973	0.08974558860063553	0.2346496421098715	0.15490405350923594
974	0.09046278148889542	0.2346595105528837	0.1541967290639883
975	0.08764460682868958	0.23467063367366847	0.1570260268449789
976	0.08766128867864609	0.23468731552362498	0.1570260268449789
977	0.08837305754423141	0.23469175994396269	0.15631870239973125
978	0.08696267753839493	0.2346960288286215	0.15773335129022656
979	0.08696877956390381	0.2347021308541304	0.15773335129022656
980	0.08839171379804611	0.23471041619777738	0.15631870239973125
981	0.08839617669582367	0.23471487909555494	0.15631870239973125
982	0.08839617669582367	0.23471487909555494	0.15631870239973125
983	0.08839617669582367	0.23471487909555494	0.15631870239973125
984	0.08839617669582367	0.23471487909555494	0.15631870239973125
985	0.08839617669582367	0.23471487909555494	0.15631870239973125
986	0.08839617669582367	0.23471487909555494	0.15631870239973125
987	0.08839617669582367	0.23471487909555494	0.15631870239973125
988	0.08839617669582367	0.23471487909555494	0.15631870239973125
989	0.08839617669582367	0.23471487909555494	0.15631870239973125
990	0.08839617669582367	0.23471487909555494	0.15631870239973125
991	0.08839617669582367	0.23471487909555494	0.15631870239973125
992	0.08839617669582367	0.23471487909555494	0.15631870239973125
993	0.08839617669582367	0.23471487909555494	0.15631870239973125
994	0.08839617669582367	0.23471487909555494	0.15631870239973125
995	0.08839617669582367	0.23471487909555494	0.15631870239973125
996	0.08839617669582367	0.23471487909555494	0.15631870239973125
997	0.08627643436193466	0.23471711009740887	0.1584406757354742
998	0.08769723027944565	0.23472325712442454	0.1570260268449789
999	0.0877203494310379	0.2347463762760168	0.1570260268449789
1000	0.0877203494310379	0.2347463762760168	0.1570260268449789

Best Loss: 0.08627643436193466

Training Times (seconds): [105.33547629700001]
