Iteration	Loss (h + target_loss)	Total Cost (f)	Cost g
1	0.8163170218467712	0.8063170218467712	0
2	0.6971297860145569	0.6879461030364037	0.0008163170218467712
3	0.5852272510528564	0.57685988509655	0.0016326340436935425
4	0.5379137396812439	0.5303626907467842	0.0024489510655403136
5	0.5074374079704285	0.5007026760578155	0.003265268087387085
6	0.48911041021347046	0.4831919953227043	0.004081585109233856
7	0.46969088912010193	0.4645887912511825	0.004897902131080627
8	0.46187108755111694	0.45758530670404435	0.005714219152927399
9	0.45428067445755005	0.4508112106323242	0.00653053617477417
10	0.44766363501548767	0.4450104882121086	0.007346853196620941
11	0.4402923882007599	0.43845555841922756	0.008163170218467712
12	0.43329837918281555	0.43227786642313004	0.008979487240314483
13	0.427162230014801	0.4269580342769623	0.009795804262161254
14	0.42174357175827026	0.42235569304227827	0.010612121284008026
15	0.4163731038570404	0.41780154216289517	0.011428438305854797
16	0.4117625951766968	0.41400735050439835	0.012244755327701569
17	0.40755346417427063	0.41061453652381896	0.01306107234954834
18	0.404049277305603	0.4079266666769981	0.013877389371395111
19	0.4010249078273773	0.40571861422061917	0.014693706393241883
20	0.39822039008140564	0.4037304134964943	0.015510023415088654
21	0.39584991335868835	0.4021762537956238	0.016326340436935424
22	0.3911329209804535	0.39827557843923567	0.017142657458782195
23	0.38941192626953125	0.3973709007501602	0.017958974480628966
24	0.38788196444511414	0.3966572559475899	0.018775291502475738
25	0.38539427518844604	0.39498588371276855	0.01959160852432251
26	0.38262760639190674	0.393035531938076	0.02040792554616928
27	0.38022318482398987	0.3914474273920059	0.02122424256801605
28	0.37876081466674805	0.3908013742566109	0.022040559589862823
29	0.3773735463619232	0.3902304229736328	0.022856876611709594
30	0.376018762588501	0.3896919562220573	0.023673193633556366
31	0.37469691038131714	0.38918642103672024	0.024489510655403137
32	0.37340813875198364	0.38871396642923356	0.02530582767724991
33	0.3721160292625427	0.3882381739616394	0.02612214469909668
34	0.3708575963973999	0.38779605811834333	0.02693846172094345
35	0.36958131194114685	0.38733609068393704	0.027754778742790222
36	0.3683081269264221	0.3868792226910591	0.028571095764636994
37	0.367069810628891	0.38645722341537475	0.029387412786483765
38	0.36586669087409973	0.38607042068243025	0.030203729808330537
39	0.36469921469688416	0.38571926152706143	0.031020046830177308
40	0.36319559812545776	0.38503196197748185	0.031836363852024076
41	0.3587295711040497	0.38138225197792053	0.03265268087387085
42	0.35246625542640686	0.37593525332212446	0.03346899789571762
43	0.34985607862472534	0.3741413935422897	0.03428531491756439
44	0.3473553955554962	0.3724570274949074	0.03510163193941116
45	0.3449018895626068	0.37081983852386474	0.03591794896125793
46	0.3424965441226959	0.3692308101058006	0.036734265983104704
47	0.3401404321193695	0.36769101512432095	0.037550583004951475
48	0.3378179967403412	0.36618489676713945	0.03836690002679825
49	0.3326036334037781	0.3617868504524231	0.03918321704864502
50	0.32853347063064575	0.3585330047011375	0.03999953407049179
51	0.3261049687862396	0.35692081987857815	0.04081585109233856
52	0.32379457354545593	0.3554267416596413	0.04163216811418533
53	0.3216041922569275	0.3540526773929596	0.0424484851360321
54	0.3195257782936096	0.3527905804514885	0.043264802157878875
55	0.31694966554641724	0.35103078472614285	0.044081119179725646
56	0.31449106335639954	0.34938849955797197	0.04489743620157242
57	0.3121519088745117	0.3478656620979309	0.04571375322341919
58	0.3099339008331299	0.3464639710783958	0.04653007024526596
59	0.3078387379646301	0.34518512523174283	0.04734638726711273
60	0.3058420419692993	0.34400474625825883	0.0481627042889595
61	0.3033575713634491	0.34233659267425537	0.048979021310806274
62	0.30099359154701233	0.34078892987966536	0.049795338332653045
63	0.2987518310546875	0.3393634864091873	0.05061165535449982
64	0.29663389921188354	0.33806187158823015	0.05142797237634659
65	0.29464125633239746	0.3368855457305908	0.05224428939819336
66	0.29269394278526306	0.3357545492053032	0.05306060642004013
67	0.290309339761734	0.3341862632036209	0.0538769234418869
68	0.28804779052734375	0.33274103099107744	0.054693240463733674
69	0.28591084480285645	0.3314204022884369	0.055509557485580445
70	0.2838999330997467	0.3302258076071739	0.056325874507427216
71	0.2820163071155548	0.32915849864482877	0.05714219152927399
72	0.28008735179901123	0.328045860350132	0.05795850855112076
73	0.27781012654304504	0.3265849521160126	0.05877482557296753
74	0.27565813064575195	0.32524927324056624	0.0595911425948143
75	0.27363261580467224	0.3240400754213333	0.06040745961666107
76	0.2717348635196686	0.32295864015817644	0.061223776638507844
77	0.26988980174064636	0.321929895401001	0.062040093660354616
78	0.26812082529067993	0.3209772359728813	0.06285641068220138
79	0.2661295235157013	0.3198022512197494	0.06367272770404815
80	0.2639663815498352	0.3184554262757301	0.06448904472589492
81	0.26193007826805115	0.31723544001579285	0.0653053617477417
82	0.26002174615859985	0.3161434249281883	0.06612167876958847
83	0.2582424581050873	0.3151804538965225	0.06693799579143524
84	0.2565929591655731	0.31434727197885515	0.06775431281328201
85	0.2545633316040039	0.3131339614391327	0.06857062983512878
86	0.2525200843811035	0.31190703123807906	0.06938694685697555
87	0.25060489773750305	0.31080816161632535	0.07020326387882232
88	0.24881872534751892	0.309838306248188	0.0710195809006691
89	0.24716229736804962	0.3089981952905655	0.07183589792251587
90	0.2455897331237793	0.3082419480681419	0.07265221494436264
91	0.243543341755867	0.3070118737220764	0.07346853196620941
92	0.2416248917579651	0.3059097407460213	0.07428484898805618
93	0.23983529210090637	0.3049364581108093	0.07510116600990295
94	0.23817521333694458	0.3040926963686943	0.07591748303174972
95	0.23664525151252747	0.30337905156612394	0.0767338000535965
96	0.23498499393463135	0.3025351110100746	0.07755011707544326
97	0.2330668866634369	0.30143332076072693	0.07836643409729004
98	0.23127730190753937	0.30046005302667617	0.07918275111913681
99	0.22961688041687012	0.2996159485578537	0.07999906814098358
100	0.22808609902858734	0.2989014841914177	0.08081538516283035
101	0.22667275369167328	0.2983044558763504	0.08163170218467712
102	0.2252720296382904	0.2977200488448143	0.08244801920652389
103	0.22345194220542908	0.2967162784337997	0.08326433622837066
104	0.22166571021080017	0.29574636346101757	0.08408065325021744
105	0.22000810503959656	0.29490507531166077	0.0848969702720642
106	0.21847958862781525	0.2941928759217262	0.08571328729391098
107	0.21708039939403534	0.29361000370979307	0.08652960431575775
108	0.21564173698425293	0.29298765832185747	0.08734592133760452
109	0.21386206150054932	0.2920242998600006	0.08816223835945129
110	0.21221040189266205	0.2911889572739601	0.08897855538129806
111	0.2106870412826538	0.2904819136857986	0.08979487240314483
112	0.20929226279258728	0.28990345221757885	0.0906111894249916
113	0.20802614092826843	0.2894536473751068	0.09142750644683838
114	0.20643779635429382	0.28868161982297896	0.09224382346868515
115	0.2047949880361557	0.2878551285266876	0.09306014049053192
116	0.20327964425086975	0.28715610176324846	0.09387645751237869
117	0.20189200341701508	0.28658477795124054	0.09469277453422546
118	0.2006319910287857	0.28614108258485793	0.09550909155607223
119	0.19937771558761597	0.28570312416553495	0.096325408577919
120	0.19774654507637024	0.284888270676136	0.09714172559976578
121	0.19624197483062744	0.28420001745224	0.09795804262161255
122	0.19486400485038757	0.2836383644938469	0.09877435964345932
123	0.19361259043216705	0.2832032670974731	0.09959067666530609
124	0.19248762726783752	0.2828946209549904	0.10040699368715286
125	0.19105017185211182	0.28227348256111146	0.10122331070899963
126	0.18955883383750916	0.28159846156835555	0.1020396277308464
127	0.1881929636001587	0.28104890835285185	0.10285594475269318
128	0.18695250153541565	0.28062476330995556	0.10367226177453995
129	0.18582190573215485	0.28031048452854157	0.10448857879638672
130	0.18470658361911774	0.2800114794373512	0.10530489581823349
131	0.1835108995437622	0.27963211238384245	0.10612121284008026
132	0.1820351630449295	0.27897269290685656	0.10693752986192703
133	0.1806836724281311	0.2784375193119049	0.1077538468837738
134	0.17945629358291626	0.2780264574885368	0.10857016390562058
135	0.17835277318954468	0.277739254117012	0.10938648092746735
136	0.17737270891666412	0.2775755068659782	0.11020279794931412
137	0.17596714198589325	0.27698625695705414	0.11101911497116089
138	0.17463214695453644	0.2764675789475441	0.11183543199300766
139	0.17341986298561096	0.27607161200046537	0.11265174901485443
140	0.17233005166053772	0.27579811769723894	0.1134680660367012
141	0.17136093974113464	0.2756453227996826	0.11428438305854798
142	0.17039310932159424	0.275493809401989	0.11510070008039475
143	0.1692412793636322	0.2751582964658737	0.11591701710224152
144	0.16792462766170502	0.27465796178579327	0.11673333412408829
145	0.16672931611537933	0.2742789672613144	0.11754965114593506
146	0.16565491259098053	0.27402088075876235	0.11836596816778183
147	0.16470102965831757	0.27388331484794615	0.1191822851896286
148	0.16378234326839447	0.27378094547986986	0.11999860221147537
149	0.16248579323291779	0.27330071246623994	0.12081491923332215
150	0.16130904853343964	0.27294028478860854	0.12163123625516892
151	0.16025173664093018	0.27269928991794584	0.12244755327701569
152	0.15931327641010284	0.27257714670896527	0.12326387029886246
153	0.1584349274635315	0.27251511478424073	0.12408018732070923
154	0.1576147824525833	0.2725112867951393	0.124896504342556
155	0.15640677511692047	0.2721195964813232	0.12571282136440276
156	0.15525011718273163	0.27177925556898114	0.12652913838624952
157	0.15447334945201874	0.271818804860115	0.12734545540809628
158	0.1547107696533203	0.2720562250614166	0.12734545540809628
159	0.15395139157772064	0.27211316400766367	0.12816177242994303
160	0.15563000738620758	0.2721591457724571	0.12652913838624952
161	0.1541428118944168	0.27230458432435983	0.12816177242994303
162	0.15497514605522156	0.2723206014633178	0.12734545540809628
163	0.15503337979316711	0.2723788352012634	0.12734545540809628
164	0.15586742758750916	0.27239656597375866	0.12652913838624952
165	0.1542501300573349	0.2724119024872779	0.12816177242994303
166	0.15508542954921722	0.2724308849573135	0.12734545540809628
167	0.15510804951190948	0.27245350492000575	0.12734545540809628
168	0.1551310122013092	0.27247646760940547	0.12734545540809628
169	0.1551474928855896	0.27249294829368587	0.12734545540809628
170	0.15434597432613373	0.27250774675607675	0.12816177242994303
171	0.15517237782478333	0.2725178332328796	0.12734545540809628
172	0.15437071025371552	0.27253248268365854	0.12816177242994303
173	0.15683799982070923	0.272550821185112	0.12571282136440276
174	0.1543896496295929	0.2725514220595359	0.12816177242994303
175	0.1576581597328186	0.2725546640753746	0.124896504342556
176	0.15439561009407043	0.27255738252401346	0.12816177242994303
177	0.15849313139915466	0.2725733187198639	0.12408018732070923
178	0.15733350813388824	0.27223001247644424	0.124896504342556
179	0.1561768651008606	0.27188968646526335	0.12571282136440276
180	0.15539373457431793	0.27192287296056744	0.12652913838624952
181	0.15558525919914246	0.27211439758539196	0.12652913838624952
182	0.15489213168621063	0.2722375870943069	0.12734545540809628
183	0.15655042231082916	0.2722632436752319	0.12571282136440276
184	0.15505951642990112	0.2724049718379974	0.12734545540809628
185	0.15589694678783417	0.2724260851740837	0.12652913838624952
186	0.1567419320344925	0.27245475339889524	0.12571282136440276
187	0.15513406693935394	0.2724795223474502	0.12734545540809628
188	0.15601326525211334	0.27254240363836285	0.12652913838624952
189	0.1560175120830536	0.2725466504693031	0.12652913838624952
190	0.15522880852222443	0.2725742639303207	0.12734545540809628
191	0.15604878962039948	0.272577928006649	0.12652913838624952
192	0.15768170356750488	0.2725782079100609	0.124896504342556
193	0.15523314476013184	0.2725786001682281	0.12734545540809628
194	0.15523332357406616	0.27257877898216243	0.12734545540809628
195	0.15441803634166718	0.2725798087716102	0.12816177242994303
196	0.15525011718273163	0.2725955725908279	0.12734545540809628
197	0.15525011718273163	0.2725955725908279	0.12734545540809628
198	0.15525011718273163	0.2725955725908279	0.12734545540809628
199	0.15525011718273163	0.2725955725908279	0.12734545540809628
200	0.15525011718273163	0.2725955725908279	0.12734545540809628
201	0.15525011718273163	0.2725955725908279	0.12734545540809628
202	0.15525011718273163	0.2725955725908279	0.12734545540809628
203	0.15525011718273163	0.2725955725908279	0.12734545540809628
204	0.15525011718273163	0.2725955725908279	0.12734545540809628
205	0.15525011718273163	0.2725955725908279	0.12734545540809628
206	0.15525011718273163	0.2725955725908279	0.12734545540809628
207	0.15525011718273163	0.2725955725908279	0.12734545540809628
208	0.15444093942642212	0.27260271185636514	0.12816177242994303
209	0.1544443666934967	0.27260613912343973	0.12816177242994303
210	0.15771004557609558	0.2726065499186516	0.124896504342556
211	0.15362882614135742	0.2726069155931472	0.1289780894517898
212	0.15444517135620117	0.2726069437861442	0.12816177242994303
213	0.15444746613502502	0.27260923856496805	0.12816177242994303
214	0.15853020548820496	0.2726103928089142	0.12408018732070923
215	0.15526705980300903	0.2726125152111053	0.12734545540809628
216	0.15526928007602692	0.2726147354841232	0.12734545540809628
217	0.1569049209356308	0.27261774230003355	0.12571282136440276
218	0.15691223740577698	0.27262505877017973	0.12571282136440276
219	0.1544681340456009	0.2726299064755439	0.12816177242994303
220	0.15610329806804657	0.2726324364542961	0.12652913838624952
221	0.15447334945201874	0.27263512188196176	0.12816177242994303
222	0.15447334945201874	0.27263512188196176	0.12816177242994303
223	0.15447334945201874	0.27263512188196176	0.12816177242994303
224	0.15447334945201874	0.27263512188196176	0.12816177242994303
225	0.15447334945201874	0.27263512188196176	0.12816177242994303
226	0.15447334945201874	0.27263512188196176	0.12816177242994303
227	0.15447334945201874	0.27263512188196176	0.12816177242994303
228	0.15447334945201874	0.27263512188196176	0.12816177242994303
229	0.15447334945201874	0.27263512188196176	0.12816177242994303
230	0.15447334945201874	0.27263512188196176	0.12816177242994303
231	0.15447334945201874	0.27263512188196176	0.12816177242994303
232	0.15447334945201874	0.27263512188196176	0.12816177242994303
233	0.15529043972492218	0.27263589513301845	0.12734545540809628
234	0.15937335789203644	0.27263722819089886	0.12326387029886246
235	0.1544785499572754	0.2726403223872184	0.12816177242994303
236	0.15529945492744446	0.2726449103355407	0.12734545540809628
237	0.15448786318302155	0.27264963561296457	0.12816177242994303
238	0.15530867874622345	0.2726541341543197	0.12734545540809628
239	0.15531110763549805	0.2726565630435943	0.12734545540809628
240	0.15367868542671204	0.2726567748785018	0.1289780894517898
241	0.15612880885601044	0.27265794724225995	0.12652913838624952
242	0.1561318188905716	0.2726609572768211	0.12652913838624952
243	0.15368397533893585	0.27266206479072563	0.1289780894517898
244	0.15450096130371094	0.27266273373365396	0.12816177242994303
245	0.15450267493724823	0.27266444736719125	0.12816177242994303
246	0.1561354547739029	0.2726645931601524	0.12652913838624952
247	0.15532022714614868	0.27266568255424495	0.12734545540809628
248	0.15450578927993774	0.27266756170988077	0.12816177242994303
249	0.1561415046453476	0.2726706430315971	0.12652913838624952
250	0.15859659016132355	0.2726767774820328	0.12408018732070923
251	0.15533821284770966	0.2726836682558059	0.12734545540809628
252	0.15533971786499023	0.2726851732730865	0.12734545540809628
253	0.15779058635234833	0.2726870906949043	0.124896504342556
254	0.15615840256214142	0.2726875409483909	0.12652913838624952
255	0.15860842168331146	0.2726886090040207	0.12408018732070923
256	0.15615984797477722	0.27268898636102673	0.12652913838624952
257	0.15453451871871948	0.2726962911486625	0.12816177242994303
258	0.1553584188222885	0.2727038742303848	0.12734545540809628
259	0.1561768651008606	0.2727060034871101	0.12652913838624952
260	0.1561768651008606	0.2727060034871101	0.12652913838624952
261	0.1561768651008606	0.2727060034871101	0.12652913838624952
262	0.1561768651008606	0.2727060034871101	0.12652913838624952
263	0.1561768651008606	0.2727060034871101	0.12652913838624952
264	0.1561768651008606	0.2727060034871101	0.12652913838624952
265	0.1561768651008606	0.2727060034871101	0.12652913838624952
266	0.1561768651008606	0.2727060034871101	0.12652913838624952
267	0.1561768651008606	0.2727060034871101	0.12652913838624952
268	0.1561768651008606	0.2727060034871101	0.12652913838624952
269	0.1561768651008606	0.2727060034871101	0.12652913838624952
270	0.1561768651008606	0.2727060034871101	0.12652913838624952
271	0.1545477658510208	0.27270953828096384	0.12816177242994303
272	0.15373419225215912	0.2727122817039489	0.1289780894517898
273	0.15536963939666748	0.27271509480476375	0.12734545540809628
274	0.15455590188503265	0.2727176743149757	0.12816177242994303
275	0.15700750052928925	0.272720321893692	0.12571282136440276
276	0.15537558495998383	0.2727210403680801	0.12734545540809628
277	0.15782533586025238	0.2727218402028084	0.124896504342556
278	0.15619370341300964	0.27272284179925915	0.12652913838624952
279	0.15456140041351318	0.2727231728434562	0.12816177242994303
280	0.15619529783725739	0.2727244362235069	0.12652913838624952
281	0.1594686359167099	0.2727325062155723	0.12326387029886246
282	0.15375475585460663	0.2727328453063964	0.1289780894517898
283	0.15538811683654785	0.2727335722446441	0.12734545540809628
284	0.15539206564426422	0.2727375210523605	0.12734545540809628
285	0.15539373457431793	0.2727391899824142	0.12734545540809628
286	0.15539373457431793	0.2727391899824142	0.12734545540809628
287	0.15539373457431793	0.2727391899824142	0.12734545540809628
288	0.15539373457431793	0.2727391899824142	0.12734545540809628
289	0.15539373457431793	0.2727391899824142	0.12734545540809628
290	0.15539373457431793	0.2727391899824142	0.12734545540809628
291	0.15539373457431793	0.2727391899824142	0.12734545540809628
292	0.15539373457431793	0.2727391899824142	0.12734545540809628
293	0.15539373457431793	0.2727391899824142	0.12734545540809628
294	0.15539373457431793	0.2727391899824142	0.12734545540809628
295	0.15539373457431793	0.2727391899824142	0.12734545540809628
296	0.15539373457431793	0.2727391899824142	0.12734545540809628
297	0.1553981602191925	0.27274361562728877	0.12734545540809628
298	0.1553993821144104	0.27274483752250667	0.12734545540809628
299	0.15621618926525116	0.27274532765150067	0.12652913838624952
300	0.15459106862545013	0.27275284105539316	0.12816177242994303
301	0.15377511084079742	0.2727532002925872	0.1289780894517898
302	0.15541043877601624	0.2727558941841125	0.12734545540809628
303	0.156228169798851	0.2727573081851005	0.12652913838624952
304	0.15459881722927094	0.27276058965921396	0.12816177242994303
305	0.15459899604320526	0.2727607684731483	0.12816177242994303
306	0.15705358982086182	0.27276641118526457	0.12571282136440276
307	0.15624208748340607	0.2727712258696556	0.12652913838624952
308	0.1546100676059723	0.2727718400359153	0.12816177242994303
309	0.1554371416568756	0.2727825970649719	0.12734545540809628
310	0.1546289324760437	0.2727907049059867	0.12816177242994303
311	0.15710251033306122	0.27281533169746397	0.12571282136440276
312	0.1554720550775528	0.27281751048564906	0.12734545540809628
313	0.1562907099723816	0.2728198483586311	0.12652913838624952
314	0.1554778814315796	0.27282333683967586	0.12734545540809628
315	0.15629450976848602	0.27282364815473553	0.12652913838624952
316	0.15547828376293182	0.2728237391710281	0.12734545540809628
317	0.1554793268442154	0.27282478225231166	0.12734545540809628
318	0.15629813075065613	0.27282726913690564	0.12652913838624952
319	0.1554819643497467	0.27282741975784297	0.12734545540809628
320	0.15630413591861725	0.27283327430486676	0.12652913838624952
321	0.15712162852287292	0.2728344498872757	0.12571282136440276
322	0.15549024939537048	0.27283570480346675	0.12734545540809628
323	0.15549278259277344	0.2728382380008697	0.12734545540809628
324	0.1579417735338211	0.2728382778763771	0.124896504342556
325	0.15468187630176544	0.27284364873170847	0.12816177242994303
326	0.15631745755672455	0.27284659594297406	0.12652913838624952
327	0.15386956930160522	0.272847658753395	0.1289780894517898
328	0.15387015044689178	0.27284823989868157	0.1289780894517898
329	0.1546926349401474	0.2728544073700904	0.12816177242994303
330	0.15550945699214935	0.2728549124002456	0.12734545540809628
331	0.15714237093925476	0.2728551923036575	0.12571282136440276
332	0.1546953320503235	0.2728571044802665	0.12816177242994303
333	0.15551187098026276	0.272857326388359	0.12734545540809628
334	0.15551503002643585	0.2728604854345321	0.12734545540809628
335	0.1555175483226776	0.2728630037307739	0.12734545540809628
336	0.15470349788665771	0.27286527031660074	0.12816177242994303
337	0.15633679926395416	0.27286593765020367	0.12652913838624952
338	0.15470555424690247	0.2728673266768455	0.12816177242994303
339	0.1547091007232666	0.2728708731532096	0.12816177242994303
340	0.15552665293216705	0.2728721083402633	0.12734545540809628
341	0.1547107696533203	0.27287254208326334	0.12816177242994303
342	0.1547107696533203	0.27287254208326334	0.12816177242994303
343	0.1547107696533203	0.27287254208326334	0.12816177242994303
344	0.1547107696533203	0.27287254208326334	0.12816177242994303
345	0.1547107696533203	0.27287254208326334	0.12816177242994303
346	0.1547107696533203	0.27287254208326334	0.12816177242994303
347	0.1547107696533203	0.27287254208326334	0.12816177242994303
348	0.1547107696533203	0.27287254208326334	0.12816177242994303
349	0.1547107696533203	0.27287254208326334	0.12816177242994303
350	0.1547107696533203	0.27287254208326334	0.12816177242994303
351	0.1547107696533203	0.27287254208326334	0.12816177242994303
352	0.1547107696533203	0.27287254208326334	0.12816177242994303
353	0.15552736818790436	0.2728728235960006	0.12734545540809628
354	0.1538970023393631	0.2728750917911529	0.1289780894517898
355	0.15389710664749146	0.27287519609928124	0.1289780894517898
356	0.1547134667634964	0.2728752391934394	0.12816177242994303
357	0.1604306995868683	0.27287825286388395	0.12244755327701569
358	0.15634968876838684	0.27287882715463635	0.12652913838624952
359	0.15471765398979187	0.2728794264197349	0.12816177242994303
360	0.15390342473983765	0.27288151419162743	0.1289780894517898
361	0.157169908285141	0.27288272964954374	0.12571282136440276
362	0.1563536673784256	0.2728828057646751	0.12652913838624952
363	0.15472617745399475	0.2728879498839378	0.12816177242994303
364	0.15309487283229828	0.2728892793059348	0.12979440647363655
365	0.15717783570289612	0.27289065706729887	0.12571282136440276
366	0.15636226534843445	0.27289140373468396	0.12652913838624952
367	0.15554632246494293	0.2728917778730392	0.12734545540809628
368	0.1539166271686554	0.2728947166204452	0.1289780894517898
369	0.15718239545822144	0.2728952168226242	0.12571282136440276
370	0.1555536836385727	0.27289913904666896	0.12734545540809628
371	0.1563829630613327	0.2729121014475822	0.12652913838624952
372	0.1580168455839157	0.2729133499264717	0.124896504342556
373	0.15556909143924713	0.2729145468473434	0.12734545540809628
374	0.15475594997406006	0.2729177224040031	0.12816177242994303
375	0.15557228028774261	0.2729177356958389	0.12734545540809628
376	0.1596539169549942	0.2729177872538566	0.12326387029886246
377	0.15638913214206696	0.27291827052831646	0.12652913838624952
378	0.15638980269432068	0.2729189410805702	0.12652913838624952
379	0.1563899666070938	0.2729191049933433	0.12652913838624952
380	0.15475821495056152	0.27291998738050455	0.12816177242994303
381	0.1555747091770172	0.2729201645851135	0.12734545540809628
382	0.1563926786184311	0.2729218170046806	0.12652913838624952
383	0.15639401972293854	0.27292315810918805	0.12652913838624952
384	0.15557780861854553	0.2729232640266418	0.12734545540809628
385	0.153946653008461	0.2729247424602508	0.1289780894517898
386	0.1580284684896469	0.2729249728322029	0.124896504342556
387	0.1563989371061325	0.272928075492382	0.12652913838624952
388	0.15395139157772064	0.2729294810295104	0.1289780894517898
389	0.15395139157772064	0.2729294810295104	0.1289780894517898
390	0.15395139157772064	0.2729294810295104	0.1289780894517898
391	0.15395139157772064	0.2729294810295104	0.1289780894517898
392	0.15395139157772064	0.2729294810295104	0.1289780894517898
393	0.15395139157772064	0.2729294810295104	0.1289780894517898
394	0.15395139157772064	0.2729294810295104	0.1289780894517898
395	0.15395139157772064	0.2729294810295104	0.1289780894517898
396	0.15395139157772064	0.2729294810295104	0.1289780894517898
397	0.15395139157772064	0.2729294810295104	0.1289780894517898
398	0.15395139157772064	0.2729294810295104	0.1289780894517898
399	0.15395139157772064	0.2729294810295104	0.1289780894517898
400	0.1555851697921753	0.27293062520027156	0.12734545540809628
401	0.15558525919914246	0.2729307146072387	0.12734545540809628
402	0.15558525919914246	0.2729307146072387	0.12734545540809628
403	0.15558525919914246	0.2729307146072387	0.12734545540809628
404	0.15558525919914246	0.2729307146072387	0.12734545540809628
405	0.15558525919914246	0.2729307146072387	0.12734545540809628
406	0.15558525919914246	0.2729307146072387	0.12734545540809628
407	0.15558525919914246	0.2729307146072387	0.12734545540809628
408	0.15558525919914246	0.2729307146072387	0.12734545540809628
409	0.15558525919914246	0.2729307146072387	0.12734545540809628
410	0.15558525919914246	0.2729307146072387	0.12734545540809628
411	0.15558525919914246	0.2729307146072387	0.12734545540809628
412	0.15558525919914246	0.2729307146072387	0.12734545540809628
413	0.1555873155593872	0.2729327709674835	0.12734545540809628
414	0.15558765828609467	0.27293311369419093	0.12734545540809628
415	0.15395613014698029	0.27293421959877007	0.1289780894517898
416	0.15640677511692047	0.27293591350317	0.12652913838624952
417	0.15640677511692047	0.27293591350317	0.12652913838624952
418	0.15640677511692047	0.27293591350317	0.12652913838624952
419	0.15640677511692047	0.27293591350317	0.12652913838624952
420	0.15640677511692047	0.27293591350317	0.12652913838624952
421	0.15640677511692047	0.27293591350317	0.12652913838624952
422	0.15640677511692047	0.27293591350317	0.12652913838624952
423	0.15640677511692047	0.27293591350317	0.12652913838624952
424	0.15640677511692047	0.27293591350317	0.12652913838624952
425	0.15640677511692047	0.27293591350317	0.12652913838624952
426	0.15640677511692047	0.27293591350317	0.12652913838624952
427	0.15640677511692047	0.27293591350317	0.12652913838624952
428	0.15559758245944977	0.27294303786754603	0.12734545540809628
429	0.15396732091903687	0.27294541037082665	0.1289780894517898
430	0.15560102462768555	0.2729464800357818	0.12734545540809628
431	0.1556014120578766	0.27294686746597285	0.12734545540809628
432	0.15478549897670746	0.2729472714066505	0.12816177242994303
433	0.1564190834760666	0.2729482218623161	0.12652913838624952
434	0.15560412406921387	0.27294957947731013	0.12734545540809628
435	0.1556054949760437	0.27295095038413997	0.12734545540809628
436	0.15642370283603668	0.2729528412222862	0.12652913838624952
437	0.15560764074325562	0.2729530961513519	0.12734545540809628
438	0.15642593801021576	0.27295507639646527	0.12652913838624952
439	0.15561063587665558	0.27295609128475185	0.12734545540809628
440	0.15724344551563263	0.2729562668800354	0.12571282136440276
441	0.15888021886348724	0.2729604061841965	0.12408018732070923
442	0.15479964017868042	0.27296141260862344	0.12816177242994303
443	0.1556221842765808	0.2729676396846771	0.12734545540809628
444	0.1548081487417221	0.27296992117166513	0.12816177242994303
445	0.15562480688095093	0.2729702622890472	0.12734545540809628
446	0.15481089055538177	0.2729726629853248	0.12816177242994303
447	0.16052593290805817	0.27297348618507383	0.12244755327701569
448	0.15563000738620758	0.27297546279430385	0.12734545540809628
449	0.15563000738620758	0.27297546279430385	0.12734545540809628
450	0.15563000738620758	0.27297546279430385	0.12734545540809628
451	0.15563000738620758	0.27297546279430385	0.12734545540809628
452	0.15563000738620758	0.27297546279430385	0.12734545540809628
453	0.15563000738620758	0.27297546279430385	0.12734545540809628
454	0.15563000738620758	0.27297546279430385	0.12734545540809628
455	0.15563000738620758	0.27297546279430385	0.12734545540809628
456	0.15563000738620758	0.27297546279430385	0.12734545540809628
457	0.15563000738620758	0.27297546279430385	0.12734545540809628
458	0.15563000738620758	0.27297546279430385	0.12734545540809628
459	0.15563000738620758	0.27297546279430385	0.12734545540809628
460	0.15400032699108124	0.272978416442871	0.1289780894517898
461	0.15808220207691193	0.2729787064194679	0.124896504342556
462	0.158082515001297	0.272979019343853	0.124896504342556
463	0.1564503163099289	0.2729794546961784	0.12652913838624952
464	0.15481775999069214	0.27297953242063516	0.12816177242994303
465	0.1564507633447647	0.2729799017310142	0.12652913838624952
466	0.15563519299030304	0.2729806483983993	0.12734545540809628
467	0.1589023470878601	0.27298253440856934	0.12408018732070923
468	0.1572745144367218	0.27298733580112455	0.12571282136440276
469	0.1548260599374771	0.27298783236742014	0.12816177242994303
470	0.15401169657707214	0.2729897860288619	0.1289780894517898
471	0.15564453601837158	0.27298999142646785	0.12734545540809628
472	0.1548292487859726	0.2729910212159156	0.12816177242994303
473	0.156462162733078	0.2729913011193275	0.12652913838624952
474	0.1564653515815735	0.272994489967823	0.12652913838624952
475	0.15728545188903809	0.27299827325344084	0.12571282136440276
476	0.15483899414539337	0.2730007665753364	0.12816177242994303
477	0.15484033524990082	0.27300210767984384	0.12816177242994303
478	0.1556576043367386	0.27300305974483485	0.12734545540809628
479	0.15484286844730377	0.2730046408772468	0.12816177242994303
480	0.15729232132434845	0.2730051426887512	0.12571282136440276
481	0.15565970540046692	0.2730051608085632	0.12734545540809628
482	0.15729445219039917	0.2730072735548019	0.12571282136440276
483	0.1540313959121704	0.2730094853639602	0.1289780894517898
484	0.15484897792339325	0.2730107503533363	0.12816177242994303
485	0.15729817748069763	0.2730109988451004	0.12571282136440276
486	0.15485139191150665	0.2730131643414497	0.12816177242994303
487	0.15648432075977325	0.27301345914602276	0.12652913838624952
488	0.15485288202762604	0.27301465445756906	0.12816177242994303
489	0.15403801202774048	0.27301610147953026	0.1289780894517898
490	0.15812084078788757	0.27301734513044357	0.124896504342556
491	0.15403951704502106	0.27301760649681084	0.1289780894517898
492	0.1540401577949524	0.2730182472467422	0.1289780894517898
493	0.15485869348049164	0.27302046591043466	0.12816177242994303
494	0.1564948707818985	0.273024009168148	0.12652913838624952
495	0.15649640560150146	0.273025543987751	0.12652913838624952
496	0.15731503069400787	0.2730278520584106	0.12571282136440276
497	0.15486757457256317	0.2730293470025062	0.12816177242994303
498	0.15568538010120392	0.2730308355093002	0.12734545540809628
499	0.15487252175807953	0.27303429418802255	0.12816177242994303
500	0.15732373297214508	0.27303655433654783	0.12571282136440276
501	0.1565074473619461	0.2730365857481956	0.12652913838624952
502	0.15569116175174713	0.2730366171598434	0.12734545540809628
503	0.15732760727405548	0.27304042863845823	0.12571282136440276
504	0.15732990205287933	0.2730427234172821	0.12571282136440276
505	0.1540650576353073	0.2730431470870971	0.1289780894517898
506	0.15651507675647736	0.27304421514272686	0.12652913838624952
507	0.15733350813388824	0.273046329498291	0.12571282136440276
508	0.15733350813388824	0.273046329498291	0.12571282136440276
509	0.15733350813388824	0.273046329498291	0.12571282136440276
510	0.15733350813388824	0.273046329498291	0.12571282136440276
511	0.15733350813388824	0.273046329498291	0.12571282136440276
512	0.15733350813388824	0.273046329498291	0.12571282136440276
513	0.15733350813388824	0.273046329498291	0.12571282136440276
514	0.15733350813388824	0.273046329498291	0.12571282136440276
515	0.15733350813388824	0.273046329498291	0.12571282136440276
516	0.15733350813388824	0.273046329498291	0.12571282136440276
517	0.15733350813388824	0.273046329498291	0.12571282136440276
518	0.15733350813388824	0.273046329498291	0.12571282136440276
519	0.15651766955852509	0.2730468079447746	0.12652913838624952
520	0.15488721430301666	0.2730489867329597	0.12816177242994303
521	0.15570442378520966	0.2730498791933059	0.12734545540809628
522	0.15652085840702057	0.2730499967932701	0.12652913838624952
523	0.15488851070404053	0.27305028313398355	0.12816177242994303
524	0.15652117133140564	0.27305030971765515	0.12652913838624952
525	0.15733981132507324	0.273052632689476	0.12571282136440276
526	0.1548919379711151	0.27305371040105814	0.12816177242994303
527	0.15489213168621063	0.27305390411615366	0.12816177242994303
528	0.15489213168621063	0.27305390411615366	0.12816177242994303
529	0.15489213168621063	0.27305390411615366	0.12816177242994303
530	0.15489213168621063	0.27305390411615366	0.12816177242994303
531	0.15489213168621063	0.27305390411615366	0.12816177242994303
532	0.15489213168621063	0.27305390411615366	0.12816177242994303
533	0.15489213168621063	0.27305390411615366	0.12816177242994303
534	0.15489213168621063	0.27305390411615366	0.12816177242994303
535	0.15489213168621063	0.27305390411615366	0.12816177242994303
536	0.15489213168621063	0.27305390411615366	0.12816177242994303
537	0.15489213168621063	0.27305390411615366	0.12816177242994303
538	0.15489213168621063	0.27305390411615366	0.12816177242994303
539	0.15815994143486023	0.2730564457774162	0.124896504342556
540	0.1557125598192215	0.27305801522731776	0.12734545540809628
541	0.15571285784244537	0.27305831325054164	0.12734545540809628
542	0.1548970639705658	0.2730588364005088	0.12816177242994303
543	0.15408092737197876	0.27305901682376854	0.1289780894517898
544	0.15489742159843445	0.27305919402837747	0.12816177242994303
545	0.15490125119686127	0.2730630236268043	0.12816177242994303
546	0.15571805834770203	0.2730635137557983	0.12734545540809628
547	0.15735194087028503	0.2730647622346878	0.12571282136440276
548	0.15572549402713776	0.273070949435234	0.12734545540809628
549	0.15735910832881927	0.273071929693222	0.12571282136440276
550	0.15491139888763428	0.2730731713175773	0.12816177242994303
551	0.1581769734621048	0.2730734778046608	0.124896504342556
552	0.1565447747707367	0.2730739131569862	0.12652913838624952
553	0.1540967971086502	0.27307488656044	0.1289780894517898
554	0.15654677152633667	0.2730759099125862	0.12652913838624952
555	0.15654873847961426	0.27307787686586377	0.12652913838624952
556	0.15491701662540436	0.2730787890553474	0.12816177242994303
557	0.15818294882774353	0.2730794531702995	0.124896504342556
558	0.15655042231082916	0.27307956069707867	0.12652913838624952
559	0.15655042231082916	0.27307956069707867	0.12652913838624952
560	0.15655042231082916	0.27307956069707867	0.12652913838624952
561	0.15655042231082916	0.27307956069707867	0.12652913838624952
562	0.15655042231082916	0.27307956069707867	0.12652913838624952
563	0.15655042231082916	0.27307956069707867	0.12652913838624952
564	0.15655042231082916	0.27307956069707867	0.12652913838624952
565	0.15655042231082916	0.27307956069707867	0.12652913838624952
566	0.15655042231082916	0.27307956069707867	0.12652913838624952
567	0.15655042231082916	0.27307956069707867	0.12652913838624952
568	0.15655042231082916	0.27307956069707867	0.12652913838624952
569	0.15655042231082916	0.27307956069707867	0.12652913838624952
570	0.15573540329933167	0.27308085870742793	0.12734545540809628
571	0.1581854373216629	0.2730819416642189	0.124896504342556
572	0.15655481815338135	0.27308395653963086	0.12652913838624952
573	0.15655605494976044	0.27308519333600995	0.12652913838624952
574	0.15737582743167877	0.2730886487960815	0.12571282136440276
575	0.15900851786136627	0.2730887051820755	0.12408018732070923
576	0.15574441850185394	0.2730898739099502	0.12734545540809628
577	0.1565629541873932	0.2730920925736427	0.12652913838624952
578	0.1553662270307541	0.27271168243885036	0.12734545540809628
579	0.1504974365234375	0.2686592089533805	0.12816177242994303
580	0.149077907204628	0.26805599665641777	0.1289780894517898
581	0.1482081115245819	0.26800251799821845	0.12979440647363655
582	0.14735950529575348	0.2679702287912368	0.1306107234954833
583	0.14822231233119965	0.2680167188048362	0.12979440647363655
584	0.14940699934959412	0.2683850888013839	0.1289780894517898
585	0.14696213603019714	0.2683891765475272	0.13142704051733006
586	0.1477915346622467	0.26840225815773	0.1306107234954833
587	0.14699706435203552	0.2684241048693656	0.13142704051733006
588	0.14863693714141846	0.268431343615055	0.12979440647363655
589	0.14785565435886383	0.2684663778543471	0.1306107234954833
590	0.14790824055671692	0.2685189640522002	0.1306107234954833
591	0.14712469279766083	0.2685517333149909	0.13142704051733006
592	0.14877252280712128	0.2685669292807578	0.12979440647363655
593	0.14797329902648926	0.26858402252197255	0.1306107234954833
594	0.1471697986125946	0.26859683912992466	0.13142704051733006
595	0.14964936673641205	0.26862745618820183	0.1289780894517898
596	0.14802514016628265	0.26863586366176595	0.1306107234954833
597	0.1480289101600647	0.268639633655548	0.1306107234954833
598	0.14889223873615265	0.2686866452097892	0.12979440647363655
599	0.14808115363121033	0.2686918771266936	0.1306107234954833
600	0.148900106549263	0.26869451302289954	0.12979440647363655
601	0.14726796746253967	0.2686950079798697	0.13142704051733006
602	0.14809705317020416	0.26870777666568746	0.1306107234954833
603	0.14729897677898407	0.2687260172963141	0.13142704051733006
604	0.14893673360347748	0.268731140077114	0.12979440647363655
605	0.1481221467256546	0.2687328702211379	0.1306107234954833
606	0.14812526106834412	0.2687359845638274	0.1306107234954833
607	0.1481291800737381	0.2687399035692214	0.1306107234954833
608	0.14732390642166138	0.26875094693899143	0.13142704051733006
609	0.14895837008953094	0.2687527765631675	0.12979440647363655
610	0.1473301649093628	0.26875720542669285	0.13142704051733006
611	0.14897345006465912	0.26876785653829566	0.12979440647363655
612	0.14816150069236755	0.26877222418785085	0.1306107234954833
613	0.1473541557788849	0.26878119629621494	0.13142704051733006
614	0.14735950529575348	0.26878654581308353	0.13142704051733006
615	0.14735950529575348	0.26878654581308353	0.13142704051733006
616	0.14735950529575348	0.26878654581308353	0.13142704051733006
617	0.14735950529575348	0.26878654581308353	0.13142704051733006
618	0.14735950529575348	0.26878654581308353	0.13142704051733006
619	0.14735950529575348	0.26878654581308353	0.13142704051733006
620	0.14735950529575348	0.26878654581308353	0.13142704051733006
621	0.14735950529575348	0.26878654581308353	0.13142704051733006
622	0.14735950529575348	0.26878654581308353	0.13142704051733006
623	0.14735950529575348	0.26878654581308353	0.13142704051733006
624	0.14735950529575348	0.26878654581308353	0.13142704051733006
625	0.14735950529575348	0.26878654581308353	0.13142704051733006
626	0.14817877113819122	0.2687894946336745	0.1306107234954833
627	0.14736486971378326	0.2687919102311133	0.13142704051733006
628	0.1481878012418747	0.268798524737358	0.1306107234954833
629	0.1481906920671463	0.2688014155626296	0.1306107234954833
630	0.14737442135810852	0.2688014618754386	0.13142704051733006
631	0.14819994568824768	0.268810669183731	0.1306107234954833
632	0.1482081115245819	0.2688188350200652	0.1306107234954833
633	0.1482081115245819	0.2688188350200652	0.1306107234954833
634	0.1482081115245819	0.2688188350200652	0.1306107234954833
635	0.1482081115245819	0.2688188350200652	0.1306107234954833
636	0.1482081115245819	0.2688188350200652	0.1306107234954833
637	0.1482081115245819	0.2688188350200652	0.1306107234954833
638	0.1482081115245819	0.2688188350200652	0.1306107234954833
639	0.1482081115245819	0.2688188350200652	0.1306107234954833
640	0.1482081115245819	0.2688188350200652	0.1306107234954833
641	0.1482081115245819	0.2688188350200652	0.1306107234954833
642	0.1482081115245819	0.2688188350200652	0.1306107234954833
643	0.1482081115245819	0.2688188350200652	0.1306107234954833
644	0.14902766048908234	0.2688220669627189	0.12979440647363655
645	0.14739707112312317	0.2688241116404532	0.13142704051733006
646	0.14821432530879974	0.26882504880428304	0.1306107234954833
647	0.14821650087833405	0.26882722437381734	0.1306107234954833
648	0.1482187807559967	0.26882950425148	0.1306107234954833
649	0.14903579652309418	0.2688302029967307	0.12979440647363655
650	0.148220032453537	0.2688307559490203	0.1306107234954833
651	0.14822231233119965	0.26883303582668294	0.1306107234954833
652	0.14822231233119965	0.26883303582668294	0.1306107234954833
653	0.14822231233119965	0.26883303582668294	0.1306107234954833
654	0.14822231233119965	0.26883303582668294	0.1306107234954833
655	0.14822231233119965	0.26883303582668294	0.1306107234954833
656	0.14822231233119965	0.26883303582668294	0.1306107234954833
657	0.14822231233119965	0.26883303582668294	0.1306107234954833
658	0.14822231233119965	0.26883303582668294	0.1306107234954833
659	0.14822231233119965	0.26883303582668294	0.1306107234954833
660	0.14822231233119965	0.26883303582668294	0.1306107234954833
661	0.14822231233119965	0.26883303582668294	0.1306107234954833
662	0.14822231233119965	0.26883303582668294	0.1306107234954833
663	0.14822548627853394	0.26883620977401723	0.1306107234954833
664	0.14904339611530304	0.2688378025889396	0.12979440647363655
665	0.14822760224342346	0.26883832573890676	0.1306107234954833
666	0.14822809398174286	0.26883881747722616	0.1306107234954833
667	0.14660857617855072	0.26885193371772753	0.13224335753917682
668	0.14905902743339539	0.2688534339070319	0.12979440647363655
669	0.14743539690971375	0.2688624374270438	0.13142704051733006
670	0.1466260403394699	0.2688693978786467	0.13224335753917682
671	0.149077907204628	0.26887231367826453	0.12979440647363655
672	0.149077907204628	0.26887231367826453	0.12979440647363655
673	0.149077907204628	0.26887231367826453	0.12979440647363655
674	0.149077907204628	0.26887231367826453	0.12979440647363655
675	0.149077907204628	0.26887231367826453	0.12979440647363655
676	0.149077907204628	0.26887231367826453	0.12979440647363655
677	0.149077907204628	0.26887231367826453	0.12979440647363655
678	0.149077907204628	0.26887231367826453	0.12979440647363655
679	0.149077907204628	0.26887231367826453	0.12979440647363655
680	0.149077907204628	0.26887231367826453	0.12979440647363655
681	0.149077907204628	0.26887231367826453	0.12979440647363655
682	0.149077907204628	0.26887231367826453	0.12979440647363655
683	0.147449791431427	0.26887683194875706	0.13142704051733006
684	0.14745543897151947	0.2688824794888495	0.13142704051733006
685	0.14745581150054932	0.26888285201787937	0.13142704051733006
686	0.1482722908258438	0.2688830143213271	0.1306107234954833
687	0.1490967571735382	0.26889116364717475	0.12979440647363655
688	0.14828400313854218	0.26889472663402547	0.1306107234954833
689	0.1483033448457718	0.2689140683412551	0.1306107234954833
690	0.14912350475788116	0.2689179112315177	0.12979440647363655
691	0.14830905199050903	0.26891977548599233	0.1306107234954833
692	0.14831432700157166	0.26892505049705495	0.1306107234954833
693	0.14749835431575775	0.2689253948330878	0.13142704051733006
694	0.14913223683834076	0.2689266433119773	0.12979440647363655
695	0.1475011557340622	0.26892819625139225	0.13142704051733006
696	0.14831872284412384	0.26892944633960714	0.1306107234954833
697	0.14915893971920013	0.2689533461928367	0.12979440647363655
698	0.14671781659126282	0.26896117413043963	0.13224335753917682
699	0.14835552871227264	0.26896625220775594	0.1306107234954833
700	0.14836081862449646	0.26897154211997976	0.1306107234954833
701	0.14755472540855408	0.26898176592588413	0.13142704051733006
702	0.14756137132644653	0.2689884118437766	0.13142704051733006
703	0.14837884902954102	0.2689895725250243	0.1306107234954833
704	0.14837993681430817	0.26899066030979146	0.1306107234954833
705	0.14735768735408783	0.2687847278714179	0.13142704051733006
706	0.14670921862125397	0.2689525761604308	0.13224335753917682
707	0.14920590817928314	0.2690003146529197	0.12979440647363655
708	0.1492106020450592	0.26900500851869574	0.12979440647363655
709	0.14676226675510406	0.2690056242942809	0.13224335753917682
710	0.148403137922287	0.2690138614177703	0.1306107234954833
711	0.1475999653339386	0.26902700585126865	0.13142704051733006
712	0.14924536645412445	0.269039772927761	0.12979440647363655
713	0.14843007922172546	0.26904080271720876	0.1306107234954833
714	0.14761404693126678	0.26904108744859684	0.13142704051733006
715	0.14680427312850952	0.26904763066768633	0.13224335753917682
716	0.14762349426746368	0.26905053478479374	0.13142704051733006
717	0.14762456715106964	0.2690516076683997	0.13142704051733006
718	0.14844822883605957	0.26905895233154287	0.1306107234954833
719	0.1484600454568863	0.2690707689523696	0.1306107234954833
720	0.14928407967090607	0.2690784861445426	0.12979440647363655
721	0.14847569167613983	0.26908641517162313	0.1306107234954833
722	0.14767342805862427	0.2691004685759543	0.13142704051733006
723	0.14931222796440125	0.2691066344380378	0.12979440647363655
724	0.1484995186328888	0.2691102421283721	0.1306107234954833
725	0.14768940210342407	0.2691164426207541	0.13142704051733006
726	0.14687329530715942	0.26911665284633624	0.13224335753917682
727	0.14851760864257812	0.2691283321380614	0.1306107234954833
728	0.14933857321739197	0.2691329796910285	0.12979440647363655
729	0.14771446585655212	0.2691415063738822	0.13142704051733006
730	0.14690230786800385	0.26914566540718066	0.13224335753917682
731	0.14690274000167847	0.2691460975408553	0.13224335753917682
732	0.14772270619869232	0.2691497467160224	0.13142704051733006
733	0.14772763848304749	0.26915467900037754	0.13142704051733006
734	0.1485535055398941	0.2691642290353774	0.1306107234954833
735	0.14937321841716766	0.2691676248908042	0.12979440647363655
736	0.14855776727199554	0.26916849076747884	0.1306107234954833
737	0.15019142627716064	0.2691695157289504	0.1289780894517898
738	0.1493760496377945	0.26917045611143103	0.12979440647363655
739	0.1477460414171219	0.26917308193445194	0.13142704051733006
740	0.14693783223628998	0.2691811897754668	0.13224335753917682
741	0.149387389421463	0.26918179589509955	0.12979440647363655
742	0.14938832819461823	0.26918273466825476	0.12979440647363655
743	0.1493888795375824	0.26918328601121894	0.12979440647363655
744	0.1469406634569168	0.2691840209960936	0.13224335753917682
745	0.14694556593894958	0.2691889234781264	0.13224335753917682
746	0.14776207506656647	0.2691891155838965	0.13142704051733006
747	0.14776422083377838	0.26919126135110844	0.13142704051733006
748	0.14858227968215942	0.2691930031776427	0.1306107234954833
749	0.14776723086833954	0.2691942713856696	0.13142704051733006
750	0.14695638418197632	0.26919974172115313	0.13224335753917682
751	0.14777350425720215	0.2692005447745322	0.13142704051733006
752	0.14695724844932556	0.2692006059885024	0.13224335753917682
753	0.14940699934959412	0.26920140582323066	0.12979440647363655
754	0.14940699934959412	0.26920140582323066	0.12979440647363655
755	0.14940699934959412	0.26920140582323066	0.12979440647363655
756	0.14940699934959412	0.26920140582323066	0.12979440647363655
757	0.14940699934959412	0.26920140582323066	0.12979440647363655
758	0.14940699934959412	0.26920140582323066	0.12979440647363655
759	0.14940699934959412	0.26920140582323066	0.12979440647363655
760	0.14940699934959412	0.26920140582323066	0.12979440647363655
761	0.14940699934959412	0.26920140582323066	0.12979440647363655
762	0.14940699934959412	0.26920140582323066	0.12979440647363655
763	0.14940699934959412	0.26920140582323066	0.12979440647363655
764	0.14940699934959412	0.26920140582323066	0.12979440647363655
765	0.14777566492557526	0.2692027054429053	0.13142704051733006
766	0.14777585864067078	0.26920289915800083	0.13142704051733006
767	0.14696037769317627	0.2692037352323531	0.13224335753917682
768	0.14696213603019714	0.26920549356937395	0.13224335753917682
769	0.14696213603019714	0.26920549356937395	0.13224335753917682
770	0.14696213603019714	0.26920549356937395	0.13224335753917682
771	0.14696213603019714	0.26920549356937395	0.13224335753917682
772	0.14696213603019714	0.26920549356937395	0.13224335753917682
773	0.14696213603019714	0.26920549356937395	0.13224335753917682
774	0.14696213603019714	0.26920549356937395	0.13224335753917682
775	0.14696213603019714	0.26920549356937395	0.13224335753917682
776	0.14696213603019714	0.26920549356937395	0.13224335753917682
777	0.14696213603019714	0.26920549356937395	0.13224335753917682
778	0.14696213603019714	0.26920549356937395	0.13224335753917682
779	0.14696213603019714	0.26920549356937395	0.13224335753917682
780	0.1469670534133911	0.2692104109525679	0.13224335753917682
781	0.14696770906448364	0.26921106660366045	0.13224335753917682
782	0.1477876603603363	0.26921470087766636	0.13142704051733006
783	0.1494234949350357	0.26921790140867224	0.12979440647363655
784	0.1477915346622467	0.26921857517957676	0.13142704051733006
785	0.1477915346622467	0.26921857517957676	0.13142704051733006
786	0.1477915346622467	0.26921857517957676	0.13142704051733006
787	0.1477915346622467	0.26921857517957676	0.13142704051733006
788	0.1477915346622467	0.26921857517957676	0.13142704051733006
789	0.1477915346622467	0.26921857517957676	0.13142704051733006
790	0.1477915346622467	0.26921857517957676	0.13142704051733006
791	0.1477915346622467	0.26921857517957676	0.13142704051733006
792	0.1477915346622467	0.26921857517957676	0.13142704051733006
793	0.1477915346622467	0.26921857517957676	0.13142704051733006
794	0.1477915346622467	0.26921857517957676	0.13142704051733006
795	0.1477915346622467	0.26921857517957676	0.13142704051733006
796	0.14942508935928345	0.26921949583292	0.12979440647363655
797	0.14779411256313324	0.2692211530804633	0.13142704051733006
798	0.14779426157474518	0.26922130209207523	0.13142704051733006
799	0.1486128270626068	0.2692235505580901	0.1306107234954833
800	0.1486130952835083	0.2692238187789916	0.1306107234954833
801	0.1494295597076416	0.26922396618127814	0.12979440647363655
802	0.1486174464225769	0.2692281699180602	0.1306107234954833
803	0.14861823618412018	0.2692289596796035	0.1306107234954833
804	0.14780740439891815	0.2692344449162482	0.13142704051733006
805	0.14699232578277588	0.2692356833219527	0.13224335753917682
806	0.1478089541196823	0.26923599463701237	0.13142704051733006
807	0.14781174063682556	0.2692387811541556	0.13142704051733006
808	0.14699706435203552	0.26924042189121233	0.13224335753917682
809	0.14699706435203552	0.26924042189121233	0.13224335753917682
810	0.14699706435203552	0.26924042189121233	0.13224335753917682
811	0.14699706435203552	0.26924042189121233	0.13224335753917682
812	0.14699706435203552	0.26924042189121233	0.13224335753917682
813	0.14699706435203552	0.26924042189121233	0.13224335753917682
814	0.14699706435203552	0.26924042189121233	0.13224335753917682
815	0.14699706435203552	0.26924042189121233	0.13224335753917682
816	0.14699706435203552	0.26924042189121233	0.13224335753917682
817	0.14699706435203552	0.26924042189121233	0.13224335753917682
818	0.14699706435203552	0.26924042189121233	0.13224335753917682
819	0.14699706435203552	0.26924042189121233	0.13224335753917682
820	0.14699706435203552	0.26924042189121233	0.13224335753917682
821	0.14699706435203552	0.26924042189121233	0.13224335753917682
822	0.14699706435203552	0.26924042189121233	0.13224335753917682
823	0.14699706435203552	0.26924042189121233	0.13224335753917682
824	0.14699706435203552	0.26924042189121233	0.13224335753917682
825	0.14699706435203552	0.26924042189121233	0.13224335753917682
826	0.14699706435203552	0.26924042189121233	0.13224335753917682
827	0.14863136410713196	0.26924208760261525	0.1306107234954833
828	0.14863139390945435	0.26924211740493764	0.1306107234954833
829	0.15026579797267914	0.2692438874244689	0.1289780894517898
830	0.14700153470039368	0.2692448922395705	0.13224335753917682
831	0.14863693714141846	0.26924766063690175	0.1306107234954833
832	0.14863693714141846	0.26924766063690175	0.1306107234954833
833	0.14863693714141846	0.26924766063690175	0.1306107234954833
834	0.14863693714141846	0.26924766063690175	0.1306107234954833
835	0.14863693714141846	0.26924766063690175	0.1306107234954833
836	0.14863693714141846	0.26924766063690175	0.1306107234954833
837	0.14863693714141846	0.26924766063690175	0.1306107234954833
838	0.14863693714141846	0.26924766063690175	0.1306107234954833
839	0.14863693714141846	0.26924766063690175	0.1306107234954833
840	0.14863693714141846	0.26924766063690175	0.1306107234954833
841	0.14863693714141846	0.26924766063690175	0.1306107234954833
842	0.14863693714141846	0.26924766063690175	0.1306107234954833
843	0.14782112836837769	0.26924816888570774	0.13142704051733006
844	0.1486392468214035	0.2692499703168868	0.1306107234954833
845	0.148642435669899	0.2692531591653823	0.1306107234954833
846	0.14946283400058746	0.269257240474224	0.12979440647363655
847	0.14783181250095367	0.26925885301828373	0.13142704051733006
848	0.14701589941978455	0.26925925695896136	0.13224335753917682
849	0.14865072071552277	0.26926144421100606	0.1306107234954833
850	0.1470230370759964	0.2692663946151732	0.13224335753917682
851	0.1494722217321396	0.2692666282057761	0.12979440647363655
852	0.1478404998779297	0.26926754039525974	0.13142704051733006
853	0.1478448361158371	0.26927187663316715	0.13142704051733006
854	0.14866311848163605	0.26927384197711934	0.1306107234954833
855	0.14703300595283508	0.2692763634920119	0.13224335753917682
856	0.14703315496444702	0.26927651250362383	0.13224335753917682
857	0.14703629910945892	0.26927965664863573	0.13224335753917682
858	0.14785437285900116	0.2692814133763312	0.13142704051733006
859	0.1486710011959076	0.2692817246913909	0.1306107234954833
860	0.14785565435886383	0.2692826948761939	0.13142704051733006
861	0.14785565435886383	0.2692826948761939	0.13142704051733006
862	0.14785565435886383	0.2692826948761939	0.13142704051733006
863	0.14785565435886383	0.2692826948761939	0.13142704051733006
864	0.14785565435886383	0.2692826948761939	0.13142704051733006
865	0.14785565435886383	0.2692826948761939	0.13142704051733006
866	0.14785565435886383	0.2692826948761939	0.13142704051733006
867	0.14785565435886383	0.2692826948761939	0.13142704051733006
868	0.14785565435886383	0.2692826948761939	0.13142704051733006
869	0.14785565435886383	0.2692826948761939	0.13142704051733006
870	0.14785565435886383	0.2692826948761939	0.13142704051733006
871	0.14785565435886383	0.2692826948761939	0.13142704051733006
872	0.14785565435886383	0.2692826948761939	0.13142704051733006
873	0.14785565435886383	0.2692826948761939	0.13142704051733006
874	0.14785565435886383	0.2692826948761939	0.13142704051733006
875	0.14785565435886383	0.2692826948761939	0.13142704051733006
876	0.14785565435886383	0.2692826948761939	0.13142704051733006
877	0.14785565435886383	0.2692826948761939	0.13142704051733006
878	0.14785565435886383	0.2692826948761939	0.13142704051733006
879	0.14786238968372345	0.2692894302010535	0.13142704051733006
880	0.14704957604408264	0.26929293358325945	0.13224335753917682
881	0.14705507457256317	0.26929843211174	0.13224335753917682
882	0.14705687761306763	0.26930023515224444	0.13224335753917682
883	0.14950622618198395	0.2693006326556205	0.12979440647363655
884	0.15032459795475006	0.26930268740653984	0.1289780894517898
885	0.14787890017032623	0.2693059406876563	0.13142704051733006
886	0.14706416428089142	0.26930752182006823	0.13224335753917682
887	0.14788217842578888	0.26930921894311893	0.13142704051733006
888	0.1495155245065689	0.26930993098020545	0.12979440647363655
889	0.14760726690292358	0.2682179903984069	0.1306107234954833
890	0.14773577451705933	0.2683464980125426	0.1306107234954833
891	0.14695408940315247	0.2683811299204825	0.13142704051733006
892	0.1470567286014557	0.26848376911878574	0.13142704051733006
893	0.14723064005374908	0.26865768057107914	0.13142704051733006
894	0.14732839167118073	0.2687554321885108	0.13142704051733006
895	0.14737658202648163	0.2688036225438117	0.13142704051733006
896	0.14657744765281677	0.2688208051919936	0.13224335753917682
897	0.14746665954589844	0.2688937000632285	0.13142704051733006
898	0.1466689109802246	0.2689122685194014	0.13224335753917682
899	0.1466785967350006	0.2689219542741774	0.13224335753917682
900	0.14749561250209808	0.26892265301942814	0.13142704051733006
901	0.14750927686691284	0.2689363173842429	0.13142704051733006
902	0.1475631445646286	0.26899018508195865	0.13142704051733006
903	0.14757417142391205	0.2690012119412421	0.13142704051733006
904	0.14757776260375977	0.2690048031210898	0.13142704051733006
905	0.14676328003406525	0.26900663757324206	0.13224335753917682
906	0.14677029848098755	0.26901365602016436	0.13224335753917682
907	0.14758798480033875	0.2690150253176688	0.13142704051733006
908	0.1475900411605835	0.26901708167791355	0.13142704051733006
909	0.14759211242198944	0.2690191529393195	0.13142704051733006
910	0.14760726690292358	0.26903430742025364	0.13142704051733006
911	0.14760726690292358	0.26903430742025364	0.13142704051733006
912	0.14760726690292358	0.26903430742025364	0.13142704051733006
913	0.14760726690292358	0.26903430742025364	0.13142704051733006
914	0.14760726690292358	0.26903430742025364	0.13142704051733006
915	0.14760726690292358	0.26903430742025364	0.13142704051733006
916	0.14760726690292358	0.26903430742025364	0.13142704051733006
917	0.14760726690292358	0.26903430742025364	0.13142704051733006
918	0.14760726690292358	0.26903430742025364	0.13142704051733006
919	0.14760726690292358	0.26903430742025364	0.13142704051733006
920	0.14760726690292358	0.26903430742025364	0.13142704051733006
921	0.14760726690292358	0.26903430742025364	0.13142704051733006
922	0.14762242138385773	0.2690494619011878	0.13142704051733006
923	0.1476416289806366	0.26906866949796665	0.13142704051733006
924	0.14764739573001862	0.26907443624734867	0.13142704051733006
925	0.1476731300354004	0.26910017055273044	0.13142704051733006
926	0.14687784016132355	0.26912119770050036	0.13224335753917682
927	0.1468799114227295	0.2691232689619063	0.13224335753917682
928	0.1476965695619583	0.26912361007928837	0.13142704051733006
929	0.1468842327594757	0.2691275902986525	0.13224335753917682
930	0.14770662784576416	0.2691336683630942	0.13142704051733006
931	0.14771997928619385	0.2691470198035239	0.13142704051733006
932	0.14690764248371124	0.26915100002288805	0.13224335753917682
933	0.14772826433181763	0.2691553048491477	0.13142704051733006
934	0.14691655337810516	0.269159910917282	0.13224335753917682
935	0.14773577451705933	0.2691628150343894	0.13142704051733006
936	0.14773577451705933	0.2691628150343894	0.13142704051733006
937	0.14773577451705933	0.2691628150343894	0.13142704051733006
938	0.14773577451705933	0.2691628150343894	0.13142704051733006
939	0.14773577451705933	0.2691628150343894	0.13142704051733006
940	0.14773577451705933	0.2691628150343894	0.13142704051733006
941	0.14773577451705933	0.2691628150343894	0.13142704051733006
942	0.14773577451705933	0.2691628150343894	0.13142704051733006
943	0.14773577451705933	0.2691628150343894	0.13142704051733006
944	0.14773577451705933	0.2691628150343894	0.13142704051733006
945	0.14773577451705933	0.2691628150343894	0.13142704051733006
946	0.14773577451705933	0.2691628150343894	0.13142704051733006
947	0.1477450430393219	0.26917208355665195	0.13142704051733006
948	0.14693476259708405	0.26917812013626086	0.13224335753917682
949	0.1477515548467636	0.26917859536409366	0.13142704051733006
950	0.14775696396827698	0.26918400448560703	0.13142704051733006
951	0.14694947004318237	0.2691928275823592	0.13224335753917682
952	0.14695408940315247	0.2691974469423293	0.13224335753917682
953	0.14695408940315247	0.2691974469423293	0.13224335753917682
954	0.14695408940315247	0.2691974469423293	0.13224335753917682
955	0.14695408940315247	0.2691974469423293	0.13224335753917682
956	0.14695408940315247	0.2691974469423293	0.13224335753917682
957	0.14695408940315247	0.2691974469423293	0.13224335753917682
958	0.14695408940315247	0.2691974469423293	0.13224335753917682
959	0.14695408940315247	0.2691974469423293	0.13224335753917682
960	0.14695408940315247	0.2691974469423293	0.13224335753917682
961	0.14695408940315247	0.2691974469423293	0.13224335753917682
962	0.14695408940315247	0.2691974469423293	0.13224335753917682
963	0.14695408940315247	0.2691974469423293	0.13224335753917682
964	0.14695870876312256	0.26920206630229937	0.13224335753917682
965	0.14778651297092438	0.26921355348825443	0.13142704051733006
966	0.14697034657001495	0.26921370410919176	0.13224335753917682
967	0.14697054028511047	0.2692138978242873	0.13224335753917682
968	0.14778900146484375	0.2692160419821738	0.13142704051733006
969	0.1469753235578537	0.2692186810970305	0.13224335753917682
970	0.14698128402233124	0.26922464156150805	0.13224335753917682
971	0.1477998048067093	0.26922684532403934	0.13142704051733006
972	0.1469840705394745	0.2692274280786513	0.13224335753917682
973	0.1478072702884674	0.26923431080579746	0.13142704051733006
974	0.1469942033290863	0.2692375608682631	0.13224335753917682
975	0.14699995517730713	0.26924331271648394	0.13224335753917682
976	0.14782153069972992	0.26924857121706	0.13142704051733006
977	0.14700686931610107	0.2692502268552779	0.13224335753917682
978	0.14700847864151	0.2692518361806868	0.13224335753917682
979	0.14783145487308502	0.2692584953904151	0.13142704051733006
980	0.1470174938440323	0.2692608513832091	0.13224335753917682
981	0.1470199078321457	0.2692632653713225	0.13224335753917682
982	0.14702294766902924	0.26926630520820605	0.13224335753917682
983	0.14702829718589783	0.26927165472507464	0.13224335753917682
984	0.14702880382537842	0.26927216136455523	0.13224335753917682
985	0.1478503793478012	0.26927741986513126	0.13142704051733006
986	0.14703555405139923	0.26927891159057604	0.13224335753917682
987	0.14705191552639008	0.2692952730655669	0.13224335753917682
988	0.1470567286014557	0.2693000861406325	0.13224335753917682
989	0.1470567286014557	0.2693000861406325	0.13224335753917682
990	0.1470567286014557	0.2693000861406325	0.13224335753917682
991	0.1470567286014557	0.2693000861406325	0.13224335753917682
992	0.1470567286014557	0.2693000861406325	0.13224335753917682
993	0.1470567286014557	0.2693000861406325	0.13224335753917682
994	0.1470567286014557	0.2693000861406325	0.13224335753917682
995	0.1470567286014557	0.2693000861406325	0.13224335753917682
996	0.1470567286014557	0.2693000861406325	0.13224335753917682
997	0.1470567286014557	0.2693000861406325	0.13224335753917682
998	0.1470567286014557	0.2693000861406325	0.13224335753917682
999	0.1470567286014557	0.2693000861406325	0.13224335753917682
1000	0.1470600962638855	0.2693034538030623	0.13224335753917682

Best Loss: 0.14657744765281677

Training Times (seconds): [82.86822533200007]
