Iteration	Loss (h + target_loss)	Total Cost (f)	Cost g
1	0.5453052520751953	0.5353052520751953	0
2	0.49729663133621216	0.48784193658828734	0.0005453052520751953
3	0.4913485050201416	0.482439115524292	0.0010906105041503906
4	0.47398772835731506	0.4656236441135406	0.001635915756225586
5	0.4580467939376831	0.45022801494598386	0.002181221008300781
6	0.45574742555618286	0.4484739518165588	0.0027265262603759764
7	0.45090773701667786	0.44417956852912904	0.0032718315124511716
8	0.4493662416934967	0.4431833784580231	0.0038171367645263667
9	0.4452088475227356	0.43957128953933716	0.004362442016601562
10	0.44440168142318726	0.439309428691864	0.0049077472686767576
11	0.4409227967262268	0.43637584924697875	0.005453052520751953
12	0.44037944078445435	0.4363777985572815	0.005998357772827148
13	0.435736745595932	0.43228040862083433	0.006543663024902343
14	0.4320422112941742	0.4291311795711517	0.007088968276977538
15	0.4302414655685425	0.4278757390975952	0.0076342735290527335
16	0.42852240800857544	0.42670198678970334	0.00817957878112793
17	0.4268832206726074	0.42560810470581056	0.008724884033203125
18	0.4252943694591522	0.42456455874443055	0.00927018928527832
19	0.42367324233055115	0.42348873686790467	0.009815494537353515
20	0.4222009778022766	0.4225617775917053	0.01036079978942871
21	0.420841246843338	0.4217473518848419	0.010906105041503905
22	0.4195939600467682	0.4210453703403473	0.0114514102935791
23	0.418437659740448	0.4204343752861023	0.011996715545654296
24	0.41738536953926086	0.41992739033699034	0.012542020797729491
25	0.4163922369480133	0.41947956299781797	0.013087326049804686
26	0.41544511914253235	0.4190777504444122	0.013632631301879881
27	0.414543092250824	0.418721028804779	0.014177936553955077
28	0.41366851329803467	0.41839175510406496	0.014723241806030272
29	0.41283395886421204	0.4181025059223175	0.015268547058105467
30	0.41204211115837097	0.41785596346855164	0.015813852310180662
31	0.4112918972969055	0.4176510548591614	0.01635915756225586
32	0.4105747938156128	0.41747925662994384	0.016904462814331056
33	0.4096701741218567	0.4171199421882629	0.017449768066406253
34	0.4086746275424957	0.41666970086097715	0.01799507331848145
35	0.40777117013931274	0.41631154870986936	0.018540378570556647
36	0.40695104002952576	0.4160367238521576	0.019085683822631844
37	0.40621161460876465	0.4158426036834717	0.01963098907470704
38	0.4054930508136749	0.41566934514045717	0.020176294326782238
39	0.4048140048980713	0.4155356044769287	0.020721599578857434
40	0.4041733741760254	0.415440279006958	0.02126690483093263
41	0.40355992317199707	0.4153721332550049	0.02181221008300783
42	0.4029752016067505	0.4153327169418335	0.022357515335083025
43	0.40242651104927063	0.4153293316364288	0.022902820587158222
44	0.40244147181510925	0.41534429240226745	0.022902820587158222
45	0.401909738779068	0.4153578646183014	0.02344812583923342
46	0.4019128382205963	0.4153609640598297	0.02344812583923342
47	0.40300899744033813	0.41536651277542114	0.022357515335083025
48	0.40357011556625366	0.4153823256492615	0.02181221008300783
49	0.40300312638282776	0.41536064171791076	0.022357515335083025
50	0.4024713635444641	0.4153741841316223	0.022902820587158222
51	0.40141284465789795	0.4154062757492066	0.023993431091308616
52	0.40196719765663147	0.41541532349586485	0.02344812583923342
53	0.4025188386440277	0.4154216592311859	0.022902820587158222
54	0.40197381377220154	0.4154219396114349	0.02344812583923342
55	0.40143316984176636	0.415426600933075	0.023993431091308616
56	0.4014512300491333	0.41544466114044193	0.023993431091308616
57	0.40418189764022827	0.4154488024711609	0.02126690483093263
58	0.40361353754997253	0.41542574763298035	0.02181221008300783
59	0.40310728549957275	0.41546480083465576	0.022357515335083025
60	0.40094971656799316	0.415488452911377	0.024538736343383813
61	0.4015093743801117	0.4155028054714203	0.023993431091308616
62	0.40096989274024963	0.41550862908363345	0.024538736343383813
63	0.40098631381988525	0.41552505016326907	0.024538736343383813
64	0.4020899534225464	0.41553807926177977	0.02344812583923342
65	0.4015530049800873	0.4155464360713959	0.023993431091308616
66	0.40484195947647095	0.4155635590553284	0.020721599578857434
67	0.40425610542297363	0.41552301025390626	0.02126690483093263
68	0.4037335515022278	0.4155457615852356	0.02181221008300783
69	0.4026634991168976	0.4155663197040558	0.022902820587158222
70	0.4010515809059143	0.4155903172492981	0.024538736343383813
71	0.4005192816257477	0.4156033232212067	0.02508404159545901
72	0.4005220830440521	0.41560612463951113	0.02508404159545901
73	0.4010770320892334	0.4156157684326172	0.024538736343383813
74	0.4032747447490692	0.4156322600841522	0.022357515335083025
75	0.40219151973724365	0.41563964557647703	0.02344812583923342
76	0.4027458727359772	0.41564869332313537	0.022902820587158222
77	0.40057140588760376	0.41565544748306277	0.02508404159545901
78	0.40221211314201355	0.41566023898124693	0.02344812583923342
79	0.40167269110679626	0.4156661221981049	0.023993431091308616
80	0.4016747772693634	0.41566820836067203	0.023993431091308616
81	0.4005846083164215	0.4156686499118805	0.02508404159545901
82	0.40276816487312317	0.41567098546028136	0.022902820587158222
83	0.40223124623298645	0.41567937207221983	0.02344812583923342
84	0.4027858376502991	0.41568865823745726	0.022902820587158222
85	0.40224575996398926	0.41569388580322264	0.02344812583923342
86	0.403336763381958	0.415694278717041	0.022357515335083025
87	0.40334081649780273	0.41569833183288574	0.022357515335083025
88	0.4017101526260376	0.4157035837173462	0.023993431091308616
89	0.4017139673233032	0.41570739841461185	0.023993431091308616
90	0.4022601246833801	0.4157082505226135	0.02344812583923342
91	0.40171492099761963	0.41570835208892826	0.023993431091308616
92	0.4011726677417755	0.41571140408515933	0.024538736343383813
93	0.40281304717063904	0.41571586775779723	0.022902820587158222
94	0.40554139018058777	0.41571768450737	0.020176294326782238
95	0.4049377739429474	0.4156593735218048	0.020721599578857434
96	0.40439873933792114	0.41566564416885377	0.02126690483093263
97	0.40172889828681946	0.4157223293781281	0.023993431091308616
98	0.4022746980190277	0.4157228238582611	0.02344812583923342
99	0.4011882245540619	0.4157269608974457	0.024538736343383813
100	0.4011915922164917	0.4157303285598755	0.024538736343383813
101	0.40173786878585815	0.4157312998771668	0.023993431091308616
102	0.40119537711143494	0.41573411345481875	0.024538736343383813
103	0.40010684728622437	0.41573619413375856	0.025629346847534207
104	0.40392476320266724	0.41573697328567505	0.02181221008300783
105	0.4022911489009857	0.4157392747402191	0.02344812583923342
106	0.40229564905166626	0.41574377489089964	0.02344812583923342
107	0.4028412997722626	0.41574412035942077	0.022902820587158222
108	0.40284648537635803	0.4157493059635162	0.022902820587158222
109	0.4001205563545227	0.4157499032020569	0.025629346847534207
110	0.40339693427085876	0.41575444960594177	0.022357515335083025
111	0.40121620893478394	0.41575494527816775	0.024538736343383813
112	0.401216596364975	0.4157553327083588	0.024538736343383813
113	0.4017661511898041	0.4157595822811127	0.023993431091308616
114	0.4006757438182831	0.4157597854137421	0.02508404159545901
115	0.40395021438598633	0.41576242446899414	0.02181221008300783
116	0.40177562832832336	0.415769059419632	0.023993431091308616
117	0.40123215317726135	0.41577088952064517	0.024538736343383813
118	0.4034169018268585	0.4157744171619415	0.022357515335083025
119	0.4028719663619995	0.4157747869491577	0.022902820587158222
120	0.4039652645587921	0.4157774746417999	0.02181221008300783
121	0.40015101432800293	0.4157803611755371	0.025629346847534207
122	0.4023362994194031	0.41578442525863646	0.02344812583923342
123	0.4034271538257599	0.4157846691608429	0.022357515335083025
124	0.40070363879203796	0.41578768038749697	0.02508404159545901
125	0.40070483088493347	0.4157888724803925	0.02508404159545901
126	0.402890682220459	0.4157935028076172	0.022902820587158222
127	0.4012601673603058	0.4157989037036896	0.024538736343383813
128	0.4007149040699005	0.4157989456653595	0.02508404159545901
129	0.4007297158241272	0.4158137574195862	0.02508404159545901
130	0.4001873731613159	0.4158167200088501	0.025629346847534207
131	0.4023691415786743	0.4158172674179077	0.02344812583923342
132	0.40073326230049133	0.41581730389595034	0.02508404159545901
133	0.40073707699775696	0.41582111859321597	0.02508404159545901
134	0.4029201567173004	0.4158229773044586	0.022902820587158222
135	0.40347030758857727	0.4158278229236603	0.022357515335083025
136	0.4029279947280884	0.41583081531524657	0.022902820587158222
137	0.40129363536834717	0.415832371711731	0.024538736343383813
138	0.4023863971233368	0.4158345229625702	0.02344812583923342
139	0.40075257420539856	0.41583661580085757	0.02508404159545901
140	0.4023929238319397	0.4158410496711731	0.02344812583923342
141	0.40621185302734375	0.4158428421020508	0.01963098907470704
142	0.40551239252090454	0.4156886868476868	0.020176294326782238
143	0.4048515558242798	0.4155731554031372	0.020721599578857434
144	0.4042283594608307	0.4154952642917633	0.02126690483093263
145	0.40364164113998413	0.41545385122299194	0.02181221008300783
146	0.40309035778045654	0.41544787311553955	0.022357515335083025
147	0.40257352590560913	0.4154763464927673	0.022902820587158222
148	0.4020901024341583	0.4155382282733917	0.02344812583923342
149	0.4016389846801758	0.4156324157714844	0.023993431091308616
150	0.4028501510620117	0.4157529716491699	0.022902820587158222
151	0.4012191891670227	0.4157579255104065	0.024538736343383813
152	0.40340664982795715	0.41576416516304016	0.022357515335083025
153	0.40232861042022705	0.41577673625946043	0.02344812583923342
154	0.4039990305900574	0.4158112406730652	0.02181221008300783
155	0.40184086561203003	0.41583429670333866	0.023993431091308616
156	0.4018523395061493	0.4158457705974579	0.023993431091308616
157	0.4029437005519867	0.4158465211391449	0.022902820587158222
158	0.4018532931804657	0.4158467242717743	0.023993431091308616
159	0.40294572710990906	0.41584854769706725	0.022902820587158222
160	0.40349799394607544	0.41585550928115844	0.022357515335083025
161	0.40404656529426575	0.41585877537727356	0.02181221008300783
162	0.40295645594596863	0.4158592765331268	0.022902820587158222
163	0.4024118185043335	0.4158599443435669	0.02344812583923342
164	0.40186676383018494	0.41586019492149356	0.023993431091308616
165	0.4040498435497284	0.4158620536327362	0.02181221008300783
166	0.40132370591163635	0.41586244225502017	0.024538736343383813
167	0.4045974016189575	0.41586430644989014	0.02126690483093263
168	0.4035073518753052	0.4158648672103882	0.022357515335083025
169	0.40350791811943054	0.41586543345451354	0.022357515335083025
170	0.40242016315460205	0.41586828899383543	0.02344812583923342
171	0.4013311564922333	0.4158698928356171	0.024538736343383813
172	0.40405839681625366	0.4158706068992615	0.02181221008300783
173	0.4029697775840759	0.4158725981712341	0.022902820587158222
174	0.403515100479126	0.415872615814209	0.022357515335083025
175	0.40242651104927063	0.415874636888504	0.02344812583923342
176	0.40242651104927063	0.415874636888504	0.02344812583923342
177	0.40242651104927063	0.415874636888504	0.02344812583923342
178	0.40242651104927063	0.415874636888504	0.02344812583923342
179	0.40242651104927063	0.415874636888504	0.02344812583923342
180	0.40242651104927063	0.415874636888504	0.02344812583923342
181	0.40242651104927063	0.415874636888504	0.02344812583923342
182	0.40242651104927063	0.415874636888504	0.02344812583923342
183	0.40242651104927063	0.415874636888504	0.02344812583923342
184	0.40242651104927063	0.415874636888504	0.02344812583923342
185	0.40242651104927063	0.415874636888504	0.02344812583923342
186	0.40242651104927063	0.415874636888504	0.02344812583923342
187	0.40242651104927063	0.415874636888504	0.02344812583923342
188	0.40242651104927063	0.415874636888504	0.02344812583923342
189	0.40242651104927063	0.415874636888504	0.02344812583923342
190	0.40242651104927063	0.415874636888504	0.02344812583923342
191	0.40242651104927063	0.415874636888504	0.02344812583923342
192	0.40242651104927063	0.415874636888504	0.02344812583923342
193	0.40242651104927063	0.415874636888504	0.02344812583923342
194	0.40242651104927063	0.415874636888504	0.02344812583923342
195	0.40242651104927063	0.415874636888504	0.02344812583923342
196	0.40242651104927063	0.415874636888504	0.02344812583923342
197	0.40242651104927063	0.415874636888504	0.02344812583923342
198	0.40242651104927063	0.415874636888504	0.02344812583923342
199	0.40242651104927063	0.415874636888504	0.02344812583923342
200	0.40242651104927063	0.415874636888504	0.02344812583923342
201	0.40242651104927063	0.415874636888504	0.02344812583923342
202	0.40242651104927063	0.415874636888504	0.02344812583923342
203	0.40242651104927063	0.415874636888504	0.02344812583923342
204	0.40242651104927063	0.415874636888504	0.02344812583923342
205	0.40242651104927063	0.415874636888504	0.02344812583923342
206	0.40242651104927063	0.415874636888504	0.02344812583923342
207	0.40242651104927063	0.415874636888504	0.02344812583923342
208	0.40242743492126465	0.41587556076049803	0.02344812583923342
209	0.4029747247695923	0.4158775453567505	0.022902820587158222
210	0.4029752016067505	0.4158780221939087	0.022902820587158222
211	0.4029752016067505	0.4158780221939087	0.022902820587158222
212	0.4029752016067505	0.4158780221939087	0.022902820587158222
213	0.4029752016067505	0.4158780221939087	0.022902820587158222
214	0.4029752016067505	0.4158780221939087	0.022902820587158222
215	0.4029752016067505	0.4158780221939087	0.022902820587158222
216	0.4029752016067505	0.4158780221939087	0.022902820587158222
217	0.4029752016067505	0.4158780221939087	0.022902820587158222
218	0.4029752016067505	0.4158780221939087	0.022902820587158222
219	0.4029752016067505	0.4158780221939087	0.022902820587158222
220	0.4029752016067505	0.4158780221939087	0.022902820587158222
221	0.4029752016067505	0.4158780221939087	0.022902820587158222
222	0.4029752016067505	0.4158780221939087	0.022902820587158222
223	0.4029752016067505	0.4158780221939087	0.022902820587158222
224	0.4029752016067505	0.4158780221939087	0.022902820587158222
225	0.4029752016067505	0.4158780221939087	0.022902820587158222
226	0.4029752016067505	0.4158780221939087	0.022902820587158222
227	0.4029752016067505	0.4158780221939087	0.022902820587158222
228	0.4029752016067505	0.4158780221939087	0.022902820587158222
229	0.4029752016067505	0.4158780221939087	0.022902820587158222
230	0.4029752016067505	0.4158780221939087	0.022902820587158222
231	0.4029752016067505	0.4158780221939087	0.022902820587158222
232	0.4029752016067505	0.4158780221939087	0.022902820587158222
233	0.4029752016067505	0.4158780221939087	0.022902820587158222
234	0.4029752016067505	0.4158780221939087	0.022902820587158222
235	0.4029752016067505	0.4158780221939087	0.022902820587158222
236	0.4029752016067505	0.4158780221939087	0.022902820587158222
237	0.4029752016067505	0.4158780221939087	0.022902820587158222
238	0.4029752016067505	0.4158780221939087	0.022902820587158222
239	0.4029752016067505	0.4158780221939087	0.022902820587158222
240	0.4029752016067505	0.4158780221939087	0.022902820587158222
241	0.4029752016067505	0.4158780221939087	0.022902820587158222
242	0.4029752016067505	0.4158780221939087	0.022902820587158222
243	0.4002499580383301	0.4158793048858643	0.025629346847534207
244	0.4018862545490265	0.4158796856403351	0.023993431091308616
245	0.4035240113735199	0.4158815267086029	0.022357515335083025
246	0.40243610739707947	0.41588423323631285	0.02344812583923342
247	0.40189167857170105	0.4158851096630097	0.023993431091308616
248	0.40244096517562866	0.41588909101486204	0.02344812583923342
249	0.40244147181510925	0.41588959765434264	0.02344812583923342
250	0.40244147181510925	0.41588959765434264	0.02344812583923342
251	0.40244147181510925	0.41588959765434264	0.02344812583923342
252	0.40244147181510925	0.41588959765434264	0.02344812583923342
253	0.40244147181510925	0.41588959765434264	0.02344812583923342
254	0.40244147181510925	0.41588959765434264	0.02344812583923342
255	0.40244147181510925	0.41588959765434264	0.02344812583923342
256	0.40244147181510925	0.41588959765434264	0.02344812583923342
257	0.40244147181510925	0.41588959765434264	0.02344812583923342
258	0.40244147181510925	0.41588959765434264	0.02344812583923342
259	0.40244147181510925	0.41588959765434264	0.02344812583923342
260	0.40244147181510925	0.41588959765434264	0.02344812583923342
261	0.40244147181510925	0.41588959765434264	0.02344812583923342
262	0.40244147181510925	0.41588959765434264	0.02344812583923342
263	0.40244147181510925	0.41588959765434264	0.02344812583923342
264	0.40244147181510925	0.41588959765434264	0.02344812583923342
265	0.40244147181510925	0.41588959765434264	0.02344812583923342
266	0.40244147181510925	0.41588959765434264	0.02344812583923342
267	0.40244147181510925	0.41588959765434264	0.02344812583923342
268	0.40244147181510925	0.41588959765434264	0.02344812583923342
269	0.40244147181510925	0.41588959765434264	0.02344812583923342
270	0.40244147181510925	0.41588959765434264	0.02344812583923342
271	0.40244147181510925	0.41588959765434264	0.02344812583923342
272	0.40244147181510925	0.41588959765434264	0.02344812583923342
273	0.40244147181510925	0.41588959765434264	0.02344812583923342
274	0.40244147181510925	0.41588959765434264	0.02344812583923342
275	0.40244147181510925	0.41588959765434264	0.02344812583923342
276	0.40244147181510925	0.41588959765434264	0.02344812583923342
277	0.40244147181510925	0.41588959765434264	0.02344812583923342
278	0.40244147181510925	0.41588959765434264	0.02344812583923342
279	0.40244147181510925	0.41588959765434264	0.02344812583923342
280	0.40244147181510925	0.41588959765434264	0.02344812583923342
281	0.40244147181510925	0.41588959765434264	0.02344812583923342
282	0.40135329961776733	0.41589203596115115	0.024538736343383813
283	0.4024468958377838	0.4158950216770172	0.02344812583923342
284	0.40462836623191833	0.41589527106285096	0.02126690483093263
285	0.4008120000362396	0.41589604163169863	0.02508404159545901
286	0.4019033908843994	0.41589682197570804	0.023993431091308616
287	0.4002675414085388	0.415896888256073	0.025629346847534207
288	0.39972302317619324	0.4158976752758026	0.026174652099609404
289	0.40026846528053284	0.41589781212806703	0.025629346847534207
290	0.4019055664539337	0.41589899754524234	0.023993431091308616
291	0.40463244915008545	0.41589935398101807	0.02126690483093263
292	0.4002700746059418	0.41589942145347597	0.025629346847534207
293	0.4029967784881592	0.41589959907531737	0.022902820587158222
294	0.4008166193962097	0.4159006609916687	0.02508404159545901
295	0.401909738779068	0.4159031698703766	0.023993431091308616
296	0.401909738779068	0.4159031698703766	0.023993431091308616
297	0.401909738779068	0.4159031698703766	0.023993431091308616
298	0.401909738779068	0.4159031698703766	0.023993431091308616
299	0.401909738779068	0.4159031698703766	0.023993431091308616
300	0.401909738779068	0.4159031698703766	0.023993431091308616
301	0.401909738779068	0.4159031698703766	0.023993431091308616
302	0.401909738779068	0.4159031698703766	0.023993431091308616
303	0.401909738779068	0.4159031698703766	0.023993431091308616
304	0.401909738779068	0.4159031698703766	0.023993431091308616
305	0.401909738779068	0.4159031698703766	0.023993431091308616
306	0.401909738779068	0.4159031698703766	0.023993431091308616
307	0.401909738779068	0.4159031698703766	0.023993431091308616
308	0.401909738779068	0.4159031698703766	0.023993431091308616
309	0.401909738779068	0.4159031698703766	0.023993431091308616
310	0.401909738779068	0.4159031698703766	0.023993431091308616
311	0.401909738779068	0.4159031698703766	0.023993431091308616
312	0.401909738779068	0.4159031698703766	0.023993431091308616
313	0.401909738779068	0.4159031698703766	0.023993431091308616
314	0.401909738779068	0.4159031698703766	0.023993431091308616
315	0.401909738779068	0.4159031698703766	0.023993431091308616
316	0.401909738779068	0.4159031698703766	0.023993431091308616
317	0.401909738779068	0.4159031698703766	0.023993431091308616
318	0.401909738779068	0.4159031698703766	0.023993431091308616
319	0.401909738779068	0.4159031698703766	0.023993431091308616
320	0.401909738779068	0.4159031698703766	0.023993431091308616
321	0.401909738779068	0.4159031698703766	0.023993431091308616
322	0.401909738779068	0.4159031698703766	0.023993431091308616
323	0.401909738779068	0.4159031698703766	0.023993431091308616
324	0.401909738779068	0.4159031698703766	0.023993431091308616
325	0.401909738779068	0.4159031698703766	0.023993431091308616
326	0.401909738779068	0.4159031698703766	0.023993431091308616
327	0.401909738779068	0.4159031698703766	0.023993431091308616
328	0.40191060304641724	0.41590403413772586	0.023993431091308616
329	0.401912122964859	0.41590555405616764	0.023993431091308616
330	0.40191221237182617	0.4159056434631348	0.023993431091308616
331	0.40300312638282776	0.41590594696998595	0.022902820587158222
332	0.40300312638282776	0.41590594696998595	0.022902820587158222
333	0.40300312638282776	0.41590594696998595	0.022902820587158222
334	0.40300312638282776	0.41590594696998595	0.022902820587158222
335	0.40300312638282776	0.41590594696998595	0.022902820587158222
336	0.40300312638282776	0.41590594696998595	0.022902820587158222
337	0.40300312638282776	0.41590594696998595	0.022902820587158222
338	0.40300312638282776	0.41590594696998595	0.022902820587158222
339	0.40300312638282776	0.41590594696998595	0.022902820587158222
340	0.40300312638282776	0.41590594696998595	0.022902820587158222
341	0.40300312638282776	0.41590594696998595	0.022902820587158222
342	0.40300312638282776	0.41590594696998595	0.022902820587158222
343	0.40300312638282776	0.41590594696998595	0.022902820587158222
344	0.40300312638282776	0.41590594696998595	0.022902820587158222
345	0.40300312638282776	0.41590594696998595	0.022902820587158222
346	0.40300312638282776	0.41590594696998595	0.022902820587158222
347	0.40300312638282776	0.41590594696998595	0.022902820587158222
348	0.40300312638282776	0.41590594696998595	0.022902820587158222
349	0.40300312638282776	0.41590594696998595	0.022902820587158222
350	0.40300312638282776	0.41590594696998595	0.022902820587158222
351	0.40300312638282776	0.41590594696998595	0.022902820587158222
352	0.40300312638282776	0.41590594696998595	0.022902820587158222
353	0.40300312638282776	0.41590594696998595	0.022902820587158222
354	0.40300312638282776	0.41590594696998595	0.022902820587158222
355	0.40300312638282776	0.41590594696998595	0.022902820587158222
356	0.40300312638282776	0.41590594696998595	0.022902820587158222
357	0.40300312638282776	0.41590594696998595	0.022902820587158222
358	0.40300312638282776	0.41590594696998595	0.022902820587158222
359	0.40300312638282776	0.41590594696998595	0.022902820587158222
360	0.40300312638282776	0.41590594696998595	0.022902820587158222
361	0.40300312638282776	0.41590594696998595	0.022902820587158222
362	0.40300312638282776	0.41590594696998595	0.022902820587158222
363	0.40300312638282776	0.41590594696998595	0.022902820587158222
364	0.4019128382205963	0.41590626931190494	0.023993431091308616
365	0.4019128382205963	0.41590626931190494	0.023993431091308616
366	0.4019128382205963	0.41590626931190494	0.023993431091308616
367	0.4019128382205963	0.41590626931190494	0.023993431091308616
368	0.4019128382205963	0.41590626931190494	0.023993431091308616
369	0.4019128382205963	0.41590626931190494	0.023993431091308616
370	0.4019128382205963	0.41590626931190494	0.023993431091308616
371	0.4019128382205963	0.41590626931190494	0.023993431091308616
372	0.4019128382205963	0.41590626931190494	0.023993431091308616
373	0.4019128382205963	0.41590626931190494	0.023993431091308616
374	0.4019128382205963	0.41590626931190494	0.023993431091308616
375	0.4019128382205963	0.41590626931190494	0.023993431091308616
376	0.4019128382205963	0.41590626931190494	0.023993431091308616
377	0.4019128382205963	0.41590626931190494	0.023993431091308616
378	0.4019128382205963	0.41590626931190494	0.023993431091308616
379	0.4019128382205963	0.41590626931190494	0.023993431091308616
380	0.4019128382205963	0.41590626931190494	0.023993431091308616
381	0.4019128382205963	0.41590626931190494	0.023993431091308616
382	0.4019128382205963	0.41590626931190494	0.023993431091308616
383	0.4019128382205963	0.41590626931190494	0.023993431091308616
384	0.4019128382205963	0.41590626931190494	0.023993431091308616
385	0.4019128382205963	0.41590626931190494	0.023993431091308616
386	0.4019128382205963	0.41590626931190494	0.023993431091308616
387	0.4019128382205963	0.41590626931190494	0.023993431091308616
388	0.4019128382205963	0.41590626931190494	0.023993431091308616
389	0.4019128382205963	0.41590626931190494	0.023993431091308616
390	0.4019128382205963	0.41590626931190494	0.023993431091308616
391	0.4019128382205963	0.41590626931190494	0.023993431091308616
392	0.4019128382205963	0.41590626931190494	0.023993431091308616
393	0.4019128382205963	0.41590626931190494	0.023993431091308616
394	0.4019128382205963	0.41590626931190494	0.023993431091308616
395	0.4019128382205963	0.41590626931190494	0.023993431091308616
396	0.4019128382205963	0.41590626931190494	0.023993431091308616
397	0.40027716755867004	0.41590651440620424	0.025629346847534207
398	0.4030040204524994	0.4159068410396576	0.022902820587158222
399	0.4024592339992523	0.4159073598384857	0.02344812583923342
400	0.40300464630126953	0.4159074668884277	0.022902820587158222
401	0.4008239209651947	0.4159079625606537	0.02508404159545901
402	0.4019151031970978	0.4159085342884064	0.023993431091308616
403	0.4030070900917053	0.4159099106788635	0.022902820587158222
404	0.401371568441391	0.4159103047847748	0.024538736343383813
405	0.4030076861381531	0.41591050672531127	0.022902820587158222
406	0.40300899744033813	0.4159118180274963	0.022902820587158222
407	0.40300899744033813	0.4159118180274963	0.022902820587158222
408	0.40300899744033813	0.4159118180274963	0.022902820587158222
409	0.40300899744033813	0.4159118180274963	0.022902820587158222
410	0.40300899744033813	0.4159118180274963	0.022902820587158222
411	0.40300899744033813	0.4159118180274963	0.022902820587158222
412	0.40300899744033813	0.4159118180274963	0.022902820587158222
413	0.40300899744033813	0.4159118180274963	0.022902820587158222
414	0.40300899744033813	0.4159118180274963	0.022902820587158222
415	0.40300899744033813	0.4159118180274963	0.022902820587158222
416	0.40300899744033813	0.4159118180274963	0.022902820587158222
417	0.40300899744033813	0.4159118180274963	0.022902820587158222
418	0.40300899744033813	0.4159118180274963	0.022902820587158222
419	0.40300899744033813	0.4159118180274963	0.022902820587158222
420	0.40300899744033813	0.4159118180274963	0.022902820587158222
421	0.40300899744033813	0.4159118180274963	0.022902820587158222
422	0.40300899744033813	0.4159118180274963	0.022902820587158222
423	0.40300899744033813	0.4159118180274963	0.022902820587158222
424	0.40300899744033813	0.4159118180274963	0.022902820587158222
425	0.40300899744033813	0.4159118180274963	0.022902820587158222
426	0.40300899744033813	0.4159118180274963	0.022902820587158222
427	0.40300899744033813	0.4159118180274963	0.022902820587158222
428	0.40300899744033813	0.4159118180274963	0.022902820587158222
429	0.40300899744033813	0.4159118180274963	0.022902820587158222
430	0.40300899744033813	0.4159118180274963	0.022902820587158222
431	0.40300899744033813	0.4159118180274963	0.022902820587158222
432	0.40300899744033813	0.4159118180274963	0.022902820587158222
433	0.40300899744033813	0.4159118180274963	0.022902820587158222
434	0.40300899744033813	0.4159118180274963	0.022902820587158222
435	0.40300899744033813	0.4159118180274963	0.022902820587158222
436	0.40300899744033813	0.4159118180274963	0.022902820587158222
437	0.40300899744033813	0.4159118180274963	0.022902820587158222
438	0.40300899744033813	0.4159118180274963	0.022902820587158222
439	0.4024640619754791	0.4159121878147125	0.02344812583923342
440	0.4035555422306061	0.4159130575656891	0.022357515335083025
441	0.4008296728134155	0.41591371440887454	0.02508404159545901
442	0.4024662375450134	0.4159143633842468	0.02344812583923342
443	0.40355801582336426	0.41591553115844726	0.022357515335083025
444	0.4041038453578949	0.4159160554409027	0.02181221008300783
445	0.40355992317199707	0.4159174385070801	0.022357515335083025
446	0.40355992317199707	0.4159174385070801	0.022357515335083025
447	0.40355992317199707	0.4159174385070801	0.022357515335083025
448	0.40355992317199707	0.4159174385070801	0.022357515335083025
449	0.40355992317199707	0.4159174385070801	0.022357515335083025
450	0.40355992317199707	0.4159174385070801	0.022357515335083025
451	0.40355992317199707	0.4159174385070801	0.022357515335083025
452	0.40355992317199707	0.4159174385070801	0.022357515335083025
453	0.40355992317199707	0.4159174385070801	0.022357515335083025
454	0.40355992317199707	0.4159174385070801	0.022357515335083025
455	0.40355992317199707	0.4159174385070801	0.022357515335083025
456	0.40355992317199707	0.4159174385070801	0.022357515335083025
457	0.40355992317199707	0.4159174385070801	0.022357515335083025
458	0.40355992317199707	0.4159174385070801	0.022357515335083025
459	0.40355992317199707	0.4159174385070801	0.022357515335083025
460	0.40355992317199707	0.4159174385070801	0.022357515335083025
461	0.40355992317199707	0.4159174385070801	0.022357515335083025
462	0.40355992317199707	0.4159174385070801	0.022357515335083025
463	0.40355992317199707	0.4159174385070801	0.022357515335083025
464	0.40355992317199707	0.4159174385070801	0.022357515335083025
465	0.40355992317199707	0.4159174385070801	0.022357515335083025
466	0.40355992317199707	0.4159174385070801	0.022357515335083025
467	0.40355992317199707	0.4159174385070801	0.022357515335083025
468	0.40355992317199707	0.4159174385070801	0.022357515335083025
469	0.40355992317199707	0.4159174385070801	0.022357515335083025
470	0.40355992317199707	0.4159174385070801	0.022357515335083025
471	0.40355992317199707	0.4159174385070801	0.022357515335083025
472	0.40355992317199707	0.4159174385070801	0.022357515335083025
473	0.40355992317199707	0.4159174385070801	0.022357515335083025
474	0.40355992317199707	0.4159174385070801	0.022357515335083025
475	0.40355992317199707	0.4159174385070801	0.022357515335083025
476	0.40355992317199707	0.4159174385070801	0.022357515335083025
477	0.40355992317199707	0.4159174385070801	0.022357515335083025
478	0.4024713635444641	0.4159194893836975	0.02344812583923342
479	0.4024713635444641	0.4159194893836975	0.02344812583923342
480	0.4024713635444641	0.4159194893836975	0.02344812583923342
481	0.4024713635444641	0.4159194893836975	0.02344812583923342
482	0.4024713635444641	0.4159194893836975	0.02344812583923342
483	0.4024713635444641	0.4159194893836975	0.02344812583923342
484	0.4024713635444641	0.4159194893836975	0.02344812583923342
485	0.4024713635444641	0.4159194893836975	0.02344812583923342
486	0.4024713635444641	0.4159194893836975	0.02344812583923342
487	0.4024713635444641	0.4159194893836975	0.02344812583923342
488	0.4024713635444641	0.4159194893836975	0.02344812583923342
489	0.4024713635444641	0.4159194893836975	0.02344812583923342
490	0.4024713635444641	0.4159194893836975	0.02344812583923342
491	0.4024713635444641	0.4159194893836975	0.02344812583923342
492	0.4024713635444641	0.4159194893836975	0.02344812583923342
493	0.4024713635444641	0.4159194893836975	0.02344812583923342
494	0.4024713635444641	0.4159194893836975	0.02344812583923342
495	0.4024713635444641	0.4159194893836975	0.02344812583923342
496	0.4024713635444641	0.4159194893836975	0.02344812583923342
497	0.4024713635444641	0.4159194893836975	0.02344812583923342
498	0.4024713635444641	0.4159194893836975	0.02344812583923342
499	0.4024713635444641	0.4159194893836975	0.02344812583923342
500	0.4024713635444641	0.4159194893836975	0.02344812583923342
501	0.4024713635444641	0.4159194893836975	0.02344812583923342
502	0.4024713635444641	0.4159194893836975	0.02344812583923342
503	0.4024713635444641	0.4159194893836975	0.02344812583923342
504	0.4024713635444641	0.4159194893836975	0.02344812583923342
505	0.4024713635444641	0.4159194893836975	0.02344812583923342
506	0.4024713635444641	0.4159194893836975	0.02344812583923342
507	0.4024713635444641	0.4159194893836975	0.02344812583923342
508	0.4024713635444641	0.4159194893836975	0.02344812583923342
509	0.4024713635444641	0.4159194893836975	0.02344812583923342
510	0.4024713635444641	0.4159194893836975	0.02344812583923342
511	0.40356358885765076	0.41592110419273376	0.022357515335083025
512	0.4024735689163208	0.4159216947555542	0.02344812583923342
513	0.40247398614883423	0.4159221119880676	0.02344812583923342
514	0.4035647213459015	0.4159222366809845	0.022357515335083025
515	0.4024743139743805	0.4159224398136139	0.02344812583923342
516	0.40301990509033203	0.4159227256774902	0.022902820587158222
517	0.3997497260570526	0.415924378156662	0.026174652099609404
518	0.4013858139514923	0.4159245502948761	0.024538736343383813
519	0.40247848629951477	0.41592661213874815	0.02344812583923342
520	0.3997523784637451	0.4159270305633545	0.026174652099609404
521	0.40356963872909546	0.41592715406417846	0.022357515335083025
522	0.40357011556625366	0.41592763090133666	0.022357515335083025
523	0.40357011556625366	0.41592763090133666	0.022357515335083025
524	0.40357011556625366	0.41592763090133666	0.022357515335083025
525	0.40357011556625366	0.41592763090133666	0.022357515335083025
526	0.40357011556625366	0.41592763090133666	0.022357515335083025
527	0.40357011556625366	0.41592763090133666	0.022357515335083025
528	0.40357011556625366	0.41592763090133666	0.022357515335083025
529	0.40357011556625366	0.41592763090133666	0.022357515335083025
530	0.40357011556625366	0.41592763090133666	0.022357515335083025
531	0.40357011556625366	0.41592763090133666	0.022357515335083025
532	0.40357011556625366	0.41592763090133666	0.022357515335083025
533	0.40357011556625366	0.41592763090133666	0.022357515335083025
534	0.40357011556625366	0.41592763090133666	0.022357515335083025
535	0.40357011556625366	0.41592763090133666	0.022357515335083025
536	0.40357011556625366	0.41592763090133666	0.022357515335083025
537	0.40357011556625366	0.41592763090133666	0.022357515335083025
538	0.40357011556625366	0.41592763090133666	0.022357515335083025
539	0.40357011556625366	0.41592763090133666	0.022357515335083025
540	0.40357011556625366	0.41592763090133666	0.022357515335083025
541	0.40357011556625366	0.41592763090133666	0.022357515335083025
542	0.40357011556625366	0.41592763090133666	0.022357515335083025
543	0.40357011556625366	0.41592763090133666	0.022357515335083025
544	0.40357011556625366	0.41592763090133666	0.022357515335083025
545	0.40357011556625366	0.41592763090133666	0.022357515335083025
546	0.40357011556625366	0.41592763090133666	0.022357515335083025
547	0.40357011556625366	0.41592763090133666	0.022357515335083025
548	0.40357011556625366	0.41592763090133666	0.022357515335083025
549	0.40357011556625366	0.41592763090133666	0.022357515335083025
550	0.40357011556625366	0.41592763090133666	0.022357515335083025
551	0.40357011556625366	0.41592763090133666	0.022357515335083025
552	0.40357011556625366	0.41592763090133666	0.022357515335083025
553	0.40357011556625366	0.41592763090133666	0.022357515335083025
554	0.40357011556625366	0.41592763090133666	0.022357515335083025
555	0.4008443057537079	0.4159283473491669	0.02508404159545901
556	0.40139052271842957	0.4159292590618134	0.024538736343383813
557	0.4019375741481781	0.41593100523948673	0.023993431091308616
558	0.4013938307762146	0.4159325671195984	0.024538736343383813
559	0.4041208326816559	0.4159330427646637	0.02181221008300783
560	0.40303075313568115	0.41593357372283934	0.022902820587158222
561	0.40030449628829956	0.41593384313583376	0.025629346847534207
562	0.4024861752986908	0.4159343011379242	0.02344812583923342
563	0.4019424319267273	0.4159358630180359	0.023993431091308616
564	0.40303584933280945	0.41593866991996764	0.022902820587158222
565	0.40194571018218994	0.41593914127349857	0.023993431091308616
566	0.40358421206474304	0.41594172739982604	0.022357515335083025
567	0.4030413031578064	0.4159441237449646	0.022902820587158222
568	0.4041319191455841	0.4159441292285919	0.02181221008300783
569	0.40140557289123535	0.41594430923461917	0.024538736343383813
570	0.4041326344013214	0.4159448444843292	0.02181221008300783
571	0.4035894572734833	0.4159469726085663	0.022357515335083025
572	0.40031829476356506	0.41594764161109926	0.025629346847534207
573	0.40359222888946533	0.41594974422454833	0.022357515335083025
574	0.4003209173679352	0.4159502642154694	0.025629346847534207
575	0.40195754170417786	0.4159509727954865	0.023993431091308616
576	0.40141284465789795	0.41595158100128177	0.024538736343383813
577	0.40141284465789795	0.41595158100128177	0.024538736343383813
578	0.40141284465789795	0.41595158100128177	0.024538736343383813
579	0.40141284465789795	0.41595158100128177	0.024538736343383813
580	0.40141284465789795	0.41595158100128177	0.024538736343383813
581	0.40141284465789795	0.41595158100128177	0.024538736343383813
582	0.40141284465789795	0.41595158100128177	0.024538736343383813
583	0.40141284465789795	0.41595158100128177	0.024538736343383813
584	0.40141284465789795	0.41595158100128177	0.024538736343383813
585	0.40141284465789795	0.41595158100128177	0.024538736343383813
586	0.40141284465789795	0.41595158100128177	0.024538736343383813
587	0.40141284465789795	0.41595158100128177	0.024538736343383813
588	0.40141284465789795	0.41595158100128177	0.024538736343383813
589	0.40141284465789795	0.41595158100128177	0.024538736343383813
590	0.40141284465789795	0.41595158100128177	0.024538736343383813
591	0.40141284465789795	0.41595158100128177	0.024538736343383813
592	0.40141284465789795	0.41595158100128177	0.024538736343383813
593	0.40141284465789795	0.41595158100128177	0.024538736343383813
594	0.40141284465789795	0.41595158100128177	0.024538736343383813
595	0.40141284465789795	0.41595158100128177	0.024538736343383813
596	0.40141284465789795	0.41595158100128177	0.024538736343383813
597	0.40141284465789795	0.41595158100128177	0.024538736343383813
598	0.40141284465789795	0.41595158100128177	0.024538736343383813
599	0.40141284465789795	0.41595158100128177	0.024538736343383813
600	0.40141284465789795	0.41595158100128177	0.024538736343383813
601	0.40141284465789795	0.41595158100128177	0.024538736343383813
602	0.40141284465789795	0.41595158100128177	0.024538736343383813
603	0.40141284465789795	0.41595158100128177	0.024538736343383813
604	0.40141284465789795	0.41595158100128177	0.024538736343383813
605	0.40141284465789795	0.41595158100128177	0.024538736343383813
606	0.40141284465789795	0.41595158100128177	0.024538736343383813
607	0.40141284465789795	0.41595158100128177	0.024538736343383813
608	0.40141284465789795	0.41595158100128177	0.024538736343383813
609	0.40250423550605774	0.4159523613452911	0.02344812583923342
610	0.4030504822731018	0.41595330286026	0.022902820587158222
611	0.40305089950561523	0.4159537200927734	0.022902820587158222
612	0.401415079832077	0.41595381617546084	0.024538736343383813
613	0.40196099877357483	0.41595442986488346	0.023993431091308616
614	0.4019618034362793	0.4159552345275879	0.023993431091308616
615	0.4019635319709778	0.4159569630622864	0.023993431091308616
616	0.4003278315067291	0.4159571783542633	0.025629346847534207
617	0.40360143780708313	0.41595895314216613	0.022357515335083025
618	0.4019656479358673	0.41595907902717594	0.023993431091308616
619	0.4025118947029114	0.41596002054214476	0.02344812583923342
620	0.4019666612148285	0.4159600923061371	0.023993431091308616
621	0.40360260009765625	0.41596011543273925	0.022357515335083025
622	0.40305736660957336	0.41596018719673156	0.022902820587158222
623	0.40196719765663147	0.4159606287479401	0.023993431091308616
624	0.40196719765663147	0.4159606287479401	0.023993431091308616
625	0.40196719765663147	0.4159606287479401	0.023993431091308616
626	0.40196719765663147	0.4159606287479401	0.023993431091308616
627	0.40196719765663147	0.4159606287479401	0.023993431091308616
628	0.40196719765663147	0.4159606287479401	0.023993431091308616
629	0.40196719765663147	0.4159606287479401	0.023993431091308616
630	0.40196719765663147	0.4159606287479401	0.023993431091308616
631	0.40196719765663147	0.4159606287479401	0.023993431091308616
632	0.40196719765663147	0.4159606287479401	0.023993431091308616
633	0.40196719765663147	0.4159606287479401	0.023993431091308616
634	0.40196719765663147	0.4159606287479401	0.023993431091308616
635	0.40196719765663147	0.4159606287479401	0.023993431091308616
636	0.40196719765663147	0.4159606287479401	0.023993431091308616
637	0.40196719765663147	0.4159606287479401	0.023993431091308616
638	0.40196719765663147	0.4159606287479401	0.023993431091308616
639	0.40196719765663147	0.4159606287479401	0.023993431091308616
640	0.40196719765663147	0.4159606287479401	0.023993431091308616
641	0.40196719765663147	0.4159606287479401	0.023993431091308616
642	0.40196719765663147	0.4159606287479401	0.023993431091308616
643	0.40196719765663147	0.4159606287479401	0.023993431091308616
644	0.40196719765663147	0.4159606287479401	0.023993431091308616
645	0.40196719765663147	0.4159606287479401	0.023993431091308616
646	0.40196719765663147	0.4159606287479401	0.023993431091308616
647	0.40196719765663147	0.4159606287479401	0.023993431091308616
648	0.40196719765663147	0.4159606287479401	0.023993431091308616
649	0.40196719765663147	0.4159606287479401	0.023993431091308616
650	0.40196719765663147	0.4159606287479401	0.023993431091308616
651	0.40196719765663147	0.4159606287479401	0.023993431091308616
652	0.40196719765663147	0.4159606287479401	0.023993431091308616
653	0.40196719765663147	0.4159606287479401	0.023993431091308616
654	0.40196719765663147	0.4159606287479401	0.023993431091308616
655	0.40196719765663147	0.4159606287479401	0.023993431091308616
656	0.40142330527305603	0.41596204161643985	0.024538736343383813
657	0.4025144577026367	0.4159625835418701	0.02344812583923342
658	0.40142497420310974	0.41596371054649356	0.024538736343383813
659	0.4008798897266388	0.4159639313220978	0.02508404159545901
660	0.4025169014930725	0.4159650273323059	0.02344812583923342
661	0.4025188386440277	0.4159669644832611	0.02344812583923342
662	0.4025188386440277	0.4159669644832611	0.02344812583923342
663	0.4025188386440277	0.4159669644832611	0.02344812583923342
664	0.4025188386440277	0.4159669644832611	0.02344812583923342
665	0.4025188386440277	0.4159669644832611	0.02344812583923342
666	0.4025188386440277	0.4159669644832611	0.02344812583923342
667	0.4025188386440277	0.4159669644832611	0.02344812583923342
668	0.4025188386440277	0.4159669644832611	0.02344812583923342
669	0.4025188386440277	0.4159669644832611	0.02344812583923342
670	0.4025188386440277	0.4159669644832611	0.02344812583923342
671	0.4025188386440277	0.4159669644832611	0.02344812583923342
672	0.4025188386440277	0.4159669644832611	0.02344812583923342
673	0.4025188386440277	0.4159669644832611	0.02344812583923342
674	0.4025188386440277	0.4159669644832611	0.02344812583923342
675	0.4025188386440277	0.4159669644832611	0.02344812583923342
676	0.4025188386440277	0.4159669644832611	0.02344812583923342
677	0.4025188386440277	0.4159669644832611	0.02344812583923342
678	0.4025188386440277	0.4159669644832611	0.02344812583923342
679	0.4025188386440277	0.4159669644832611	0.02344812583923342
680	0.4025188386440277	0.4159669644832611	0.02344812583923342
681	0.4025188386440277	0.4159669644832611	0.02344812583923342
682	0.4025188386440277	0.4159669644832611	0.02344812583923342
683	0.4025188386440277	0.4159669644832611	0.02344812583923342
684	0.4025188386440277	0.4159669644832611	0.02344812583923342
685	0.4025188386440277	0.4159669644832611	0.02344812583923342
686	0.4025188386440277	0.4159669644832611	0.02344812583923342
687	0.4025188386440277	0.4159669644832611	0.02344812583923342
688	0.4025188386440277	0.4159669644832611	0.02344812583923342
689	0.4025188386440277	0.4159669644832611	0.02344812583923342
690	0.4025188386440277	0.4159669644832611	0.02344812583923342
691	0.4025188386440277	0.4159669644832611	0.02344812583923342
692	0.4025188386440277	0.4159669644832611	0.02344812583923342
693	0.4025188386440277	0.4159669644832611	0.02344812583923342
694	0.40197381377220154	0.41596724486351017	0.023993431091308616
695	0.40197381377220154	0.41596724486351017	0.023993431091308616
696	0.40197381377220154	0.41596724486351017	0.023993431091308616
697	0.40197381377220154	0.41596724486351017	0.023993431091308616
698	0.40197381377220154	0.41596724486351017	0.023993431091308616
699	0.40197381377220154	0.41596724486351017	0.023993431091308616
700	0.40197381377220154	0.41596724486351017	0.023993431091308616
701	0.40197381377220154	0.41596724486351017	0.023993431091308616
702	0.40197381377220154	0.41596724486351017	0.023993431091308616
703	0.40197381377220154	0.41596724486351017	0.023993431091308616
704	0.40197381377220154	0.41596724486351017	0.023993431091308616
705	0.40197381377220154	0.41596724486351017	0.023993431091308616
706	0.40197381377220154	0.41596724486351017	0.023993431091308616
707	0.40197381377220154	0.41596724486351017	0.023993431091308616
708	0.40197381377220154	0.41596724486351017	0.023993431091308616
709	0.40197381377220154	0.41596724486351017	0.023993431091308616
710	0.40197381377220154	0.41596724486351017	0.023993431091308616
711	0.40197381377220154	0.41596724486351017	0.023993431091308616
712	0.40197381377220154	0.41596724486351017	0.023993431091308616
713	0.40197381377220154	0.41596724486351017	0.023993431091308616
714	0.40197381377220154	0.41596724486351017	0.023993431091308616
715	0.40197381377220154	0.41596724486351017	0.023993431091308616
716	0.40197381377220154	0.41596724486351017	0.023993431091308616
717	0.40197381377220154	0.41596724486351017	0.023993431091308616
718	0.40197381377220154	0.41596724486351017	0.023993431091308616
719	0.40197381377220154	0.41596724486351017	0.023993431091308616
720	0.40197381377220154	0.41596724486351017	0.023993431091308616
721	0.40197381377220154	0.41596724486351017	0.023993431091308616
722	0.40197381377220154	0.41596724486351017	0.023993431091308616
723	0.40197381377220154	0.41596724486351017	0.023993431091308616
724	0.40197381377220154	0.41596724486351017	0.023993431091308616
725	0.40197381377220154	0.41596724486351017	0.023993431091308616
726	0.40197381377220154	0.41596724486351017	0.023993431091308616
727	0.40361008048057556	0.41596759581565856	0.022357515335083025
728	0.4036102592945099	0.4159677746295929	0.022357515335083025
729	0.40306520462036133	0.4159680252075195	0.022902820587158222
730	0.40252140164375305	0.41596952748298643	0.02344812583923342
731	0.40252190828323364	0.415970034122467	0.02344812583923342
732	0.4025220572948456	0.41597018313407896	0.02344812583923342
733	0.4019773006439209	0.4159707317352295	0.023993431091308616
734	0.40361353754997253	0.41597105288505554	0.022357515335083025
735	0.40361353754997253	0.41597105288505554	0.022357515335083025
736	0.40361353754997253	0.41597105288505554	0.022357515335083025
737	0.40361353754997253	0.41597105288505554	0.022357515335083025
738	0.40361353754997253	0.41597105288505554	0.022357515335083025
739	0.40361353754997253	0.41597105288505554	0.022357515335083025
740	0.40361353754997253	0.41597105288505554	0.022357515335083025
741	0.40361353754997253	0.41597105288505554	0.022357515335083025
742	0.40361353754997253	0.41597105288505554	0.022357515335083025
743	0.40361353754997253	0.41597105288505554	0.022357515335083025
744	0.40361353754997253	0.41597105288505554	0.022357515335083025
745	0.40361353754997253	0.41597105288505554	0.022357515335083025
746	0.40361353754997253	0.41597105288505554	0.022357515335083025
747	0.40361353754997253	0.41597105288505554	0.022357515335083025
748	0.40361353754997253	0.41597105288505554	0.022357515335083025
749	0.40361353754997253	0.41597105288505554	0.022357515335083025
750	0.40361353754997253	0.41597105288505554	0.022357515335083025
751	0.40361353754997253	0.41597105288505554	0.022357515335083025
752	0.40361353754997253	0.41597105288505554	0.022357515335083025
753	0.40361353754997253	0.41597105288505554	0.022357515335083025
754	0.40361353754997253	0.41597105288505554	0.022357515335083025
755	0.40361353754997253	0.41597105288505554	0.022357515335083025
756	0.40361353754997253	0.41597105288505554	0.022357515335083025
757	0.40361353754997253	0.41597105288505554	0.022357515335083025
758	0.40361353754997253	0.41597105288505554	0.022357515335083025
759	0.40361353754997253	0.41597105288505554	0.022357515335083025
760	0.40361353754997253	0.41597105288505554	0.022357515335083025
761	0.40361353754997253	0.41597105288505554	0.022357515335083025
762	0.40361353754997253	0.41597105288505554	0.022357515335083025
763	0.40361353754997253	0.41597105288505554	0.022357515335083025
764	0.40361353754997253	0.41597105288505554	0.022357515335083025
765	0.40361353754997253	0.41597105288505554	0.022357515335083025
766	0.40361353754997253	0.41597105288505554	0.022357515335083025
767	0.40143316984176636	0.4159719061851502	0.024538736343383813
768	0.40143316984176636	0.4159719061851502	0.024538736343383813
769	0.40143316984176636	0.4159719061851502	0.024538736343383813
770	0.40143316984176636	0.4159719061851502	0.024538736343383813
771	0.40143316984176636	0.4159719061851502	0.024538736343383813
772	0.40143316984176636	0.4159719061851502	0.024538736343383813
773	0.40143316984176636	0.4159719061851502	0.024538736343383813
774	0.40143316984176636	0.4159719061851502	0.024538736343383813
775	0.40143316984176636	0.4159719061851502	0.024538736343383813
776	0.40143316984176636	0.4159719061851502	0.024538736343383813
777	0.40143316984176636	0.4159719061851502	0.024538736343383813
778	0.40143316984176636	0.4159719061851502	0.024538736343383813
779	0.40143316984176636	0.4159719061851502	0.024538736343383813
780	0.40143316984176636	0.4159719061851502	0.024538736343383813
781	0.40143316984176636	0.4159719061851502	0.024538736343383813
782	0.40143316984176636	0.4159719061851502	0.024538736343383813
783	0.40143316984176636	0.4159719061851502	0.024538736343383813
784	0.40143316984176636	0.4159719061851502	0.024538736343383813
785	0.40143316984176636	0.4159719061851502	0.024538736343383813
786	0.40143316984176636	0.4159719061851502	0.024538736343383813
787	0.40143316984176636	0.4159719061851502	0.024538736343383813
788	0.40143316984176636	0.4159719061851502	0.024538736343383813
789	0.40143316984176636	0.4159719061851502	0.024538736343383813
790	0.40143316984176636	0.4159719061851502	0.024538736343383813
791	0.40143316984176636	0.4159719061851502	0.024538736343383813
792	0.40143316984176636	0.4159719061851502	0.024538736343383813
793	0.40143316984176636	0.4159719061851502	0.024538736343383813
794	0.40143316984176636	0.4159719061851502	0.024538736343383813
795	0.40143316984176636	0.4159719061851502	0.024538736343383813
796	0.40143316984176636	0.4159719061851502	0.024538736343383813
797	0.40143316984176636	0.4159719061851502	0.024538736343383813
798	0.40143316984176636	0.4159719061851502	0.024538736343383813
799	0.40143316984176636	0.4159719061851502	0.024538736343383813
800	0.4008881151676178	0.4159721567630768	0.02508404159545901
801	0.4036148488521576	0.4159723641872406	0.022357515335083025
802	0.4003444314002991	0.41597377824783327	0.025629346847534207
803	0.4014365077018738	0.4159752440452576	0.024538736343383813
804	0.40143662691116333	0.41597536325454715	0.024538736343383813
805	0.4047103524208069	0.4159772572517395	0.02126690483093263
806	0.4019876718521118	0.41598110294342044	0.023993431091308616
807	0.4041690230369568	0.4159812331199646	0.02181221008300783
808	0.4014442265033722	0.415982962846756	0.024538736343383813
809	0.40308043360710144	0.41598325419425963	0.022902820587158222
810	0.4014448821544647	0.41598361849784854	0.024538736343383813
811	0.4041714370250702	0.415983647108078	0.02181221008300783
812	0.4014457166194916	0.4159844529628754	0.024538736343383813
813	0.4014458656311035	0.41598460197448733	0.024538736343383813
814	0.4041732847690582	0.41598549485206604	0.02181221008300783
815	0.4041733741760254	0.4159855842590332	0.02181221008300783
816	0.4041733741760254	0.4159855842590332	0.02181221008300783
817	0.4041733741760254	0.4159855842590332	0.02181221008300783
818	0.4041733741760254	0.4159855842590332	0.02181221008300783
819	0.4041733741760254	0.4159855842590332	0.02181221008300783
820	0.4041733741760254	0.4159855842590332	0.02181221008300783
821	0.4041733741760254	0.4159855842590332	0.02181221008300783
822	0.4041733741760254	0.4159855842590332	0.02181221008300783
823	0.4041733741760254	0.4159855842590332	0.02181221008300783
824	0.4041733741760254	0.4159855842590332	0.02181221008300783
825	0.4041733741760254	0.4159855842590332	0.02181221008300783
826	0.4041733741760254	0.4159855842590332	0.02181221008300783
827	0.4041733741760254	0.4159855842590332	0.02181221008300783
828	0.4041733741760254	0.4159855842590332	0.02181221008300783
829	0.4041733741760254	0.4159855842590332	0.02181221008300783
830	0.4041733741760254	0.4159855842590332	0.02181221008300783
831	0.4041733741760254	0.4159855842590332	0.02181221008300783
832	0.4041733741760254	0.4159855842590332	0.02181221008300783
833	0.4041733741760254	0.4159855842590332	0.02181221008300783
834	0.4041733741760254	0.4159855842590332	0.02181221008300783
835	0.4041733741760254	0.4159855842590332	0.02181221008300783
836	0.4041733741760254	0.4159855842590332	0.02181221008300783
837	0.4041733741760254	0.4159855842590332	0.02181221008300783
838	0.4041733741760254	0.4159855842590332	0.02181221008300783
839	0.4041733741760254	0.4159855842590332	0.02181221008300783
840	0.4041733741760254	0.4159855842590332	0.02181221008300783
841	0.4041733741760254	0.4159855842590332	0.02181221008300783
842	0.4041733741760254	0.4159855842590332	0.02181221008300783
843	0.4041733741760254	0.4159855842590332	0.02181221008300783
844	0.4041733741760254	0.4159855842590332	0.02181221008300783
845	0.4041733741760254	0.4159855842590332	0.02181221008300783
846	0.4041733741760254	0.4159855842590332	0.02181221008300783
847	0.4041733741760254	0.4159855842590332	0.02181221008300783
848	0.40253758430480957	0.41598571014404295	0.02344812583923342
849	0.40308308601379395	0.41598590660095214	0.022902820587158222
850	0.4019950032234192	0.4159884343147278	0.023993431091308616
851	0.4014512300491333	0.4159899663925171	0.024538736343383813
852	0.4014512300491333	0.4159899663925171	0.024538736343383813
853	0.4014512300491333	0.4159899663925171	0.024538736343383813
854	0.4014512300491333	0.4159899663925171	0.024538736343383813
855	0.4014512300491333	0.4159899663925171	0.024538736343383813
856	0.4014512300491333	0.4159899663925171	0.024538736343383813
857	0.4014512300491333	0.4159899663925171	0.024538736343383813
858	0.4014512300491333	0.4159899663925171	0.024538736343383813
859	0.4014512300491333	0.4159899663925171	0.024538736343383813
860	0.4014512300491333	0.4159899663925171	0.024538736343383813
861	0.4014512300491333	0.4159899663925171	0.024538736343383813
862	0.4014512300491333	0.4159899663925171	0.024538736343383813
863	0.4014512300491333	0.4159899663925171	0.024538736343383813
864	0.4014512300491333	0.4159899663925171	0.024538736343383813
865	0.4014512300491333	0.4159899663925171	0.024538736343383813
866	0.4014512300491333	0.4159899663925171	0.024538736343383813
867	0.4014512300491333	0.4159899663925171	0.024538736343383813
868	0.4014512300491333	0.4159899663925171	0.024538736343383813
869	0.4014512300491333	0.4159899663925171	0.024538736343383813
870	0.4014512300491333	0.4159899663925171	0.024538736343383813
871	0.4014512300491333	0.4159899663925171	0.024538736343383813
872	0.4014512300491333	0.4159899663925171	0.024538736343383813
873	0.4014512300491333	0.4159899663925171	0.024538736343383813
874	0.4014512300491333	0.4159899663925171	0.024538736343383813
875	0.4014512300491333	0.4159899663925171	0.024538736343383813
876	0.4014512300491333	0.4159899663925171	0.024538736343383813
877	0.4014512300491333	0.4159899663925171	0.024538736343383813
878	0.4014512300491333	0.4159899663925171	0.024538736343383813
879	0.4014512300491333	0.4159899663925171	0.024538736343383813
880	0.4014512300491333	0.4159899663925171	0.024538736343383813
881	0.4014512300491333	0.4159899663925171	0.024538736343383813
882	0.4014512300491333	0.4159899663925171	0.024538736343383813
883	0.4014512300491333	0.4159899663925171	0.024538736343383813
884	0.4041783809661865	0.41599059104919434	0.02181221008300783
885	0.40417855978012085	0.41599076986312866	0.02181221008300783
886	0.40145209431648254	0.41599083065986636	0.024538736343383813
887	0.40363526344299316	0.41599277877807617	0.022357515335083025
888	0.40199968218803406	0.4159931132793427	0.023993431091308616
889	0.40309035778045654	0.41599317836761474	0.022902820587158222
890	0.40309035778045654	0.41599317836761474	0.022902820587158222
891	0.40309035778045654	0.41599317836761474	0.022902820587158222
892	0.40309035778045654	0.41599317836761474	0.022902820587158222
893	0.40309035778045654	0.41599317836761474	0.022902820587158222
894	0.40309035778045654	0.41599317836761474	0.022902820587158222
895	0.40309035778045654	0.41599317836761474	0.022902820587158222
896	0.40309035778045654	0.41599317836761474	0.022902820587158222
897	0.40309035778045654	0.41599317836761474	0.022902820587158222
898	0.40309035778045654	0.41599317836761474	0.022902820587158222
899	0.40309035778045654	0.41599317836761474	0.022902820587158222
900	0.40309035778045654	0.41599317836761474	0.022902820587158222
901	0.40309035778045654	0.41599317836761474	0.022902820587158222
902	0.40309035778045654	0.41599317836761474	0.022902820587158222
903	0.40309035778045654	0.41599317836761474	0.022902820587158222
904	0.40309035778045654	0.41599317836761474	0.022902820587158222
905	0.40309035778045654	0.41599317836761474	0.022902820587158222
906	0.40309035778045654	0.41599317836761474	0.022902820587158222
907	0.40309035778045654	0.41599317836761474	0.022902820587158222
908	0.40309035778045654	0.41599317836761474	0.022902820587158222
909	0.40309035778045654	0.41599317836761474	0.022902820587158222
910	0.40309035778045654	0.41599317836761474	0.022902820587158222
911	0.40309035778045654	0.41599317836761474	0.022902820587158222
912	0.40309035778045654	0.41599317836761474	0.022902820587158222
913	0.40309035778045654	0.41599317836761474	0.022902820587158222
914	0.40309035778045654	0.41599317836761474	0.022902820587158222
915	0.40309035778045654	0.41599317836761474	0.022902820587158222
916	0.40309035778045654	0.41599317836761474	0.022902820587158222
917	0.40309035778045654	0.41599317836761474	0.022902820587158222
918	0.40309035778045654	0.41599317836761474	0.022902820587158222
919	0.40309035778045654	0.41599317836761474	0.022902820587158222
920	0.40309035778045654	0.41599317836761474	0.022902820587158222
921	0.40309035778045654	0.41599317836761474	0.022902820587158222
922	0.40418189764022827	0.4159941077232361	0.02181221008300783
923	0.40418189764022827	0.4159941077232361	0.02181221008300783
924	0.40418189764022827	0.4159941077232361	0.02181221008300783
925	0.40418189764022827	0.4159941077232361	0.02181221008300783
926	0.40418189764022827	0.4159941077232361	0.02181221008300783
927	0.40418189764022827	0.4159941077232361	0.02181221008300783
928	0.40418189764022827	0.4159941077232361	0.02181221008300783
929	0.40418189764022827	0.4159941077232361	0.02181221008300783
930	0.40418189764022827	0.4159941077232361	0.02181221008300783
931	0.40418189764022827	0.4159941077232361	0.02181221008300783
932	0.40418189764022827	0.4159941077232361	0.02181221008300783
933	0.40418189764022827	0.4159941077232361	0.02181221008300783
934	0.40418189764022827	0.4159941077232361	0.02181221008300783
935	0.40418189764022827	0.4159941077232361	0.02181221008300783
936	0.40418189764022827	0.4159941077232361	0.02181221008300783
937	0.40418189764022827	0.4159941077232361	0.02181221008300783
938	0.40418189764022827	0.4159941077232361	0.02181221008300783
939	0.40418189764022827	0.4159941077232361	0.02181221008300783
940	0.40418189764022827	0.4159941077232361	0.02181221008300783
941	0.40418189764022827	0.4159941077232361	0.02181221008300783
942	0.40418189764022827	0.4159941077232361	0.02181221008300783
943	0.40418189764022827	0.4159941077232361	0.02181221008300783
944	0.40418189764022827	0.4159941077232361	0.02181221008300783
945	0.40418189764022827	0.4159941077232361	0.02181221008300783
946	0.40418189764022827	0.4159941077232361	0.02181221008300783
947	0.40418189764022827	0.4159941077232361	0.02181221008300783
948	0.40418189764022827	0.4159941077232361	0.02181221008300783
949	0.40418189764022827	0.4159941077232361	0.02181221008300783
950	0.40418189764022827	0.4159941077232361	0.02181221008300783
951	0.40418189764022827	0.4159941077232361	0.02181221008300783
952	0.40418189764022827	0.4159941077232361	0.02181221008300783
953	0.40418189764022827	0.4159941077232361	0.02181221008300783
954	0.40418189764022827	0.4159941077232361	0.02181221008300783
955	0.403636634349823	0.415994149684906	0.022357515335083025
956	0.40091031789779663	0.41599435949325564	0.02508404159545901
957	0.40309256315231323	0.4159953837394714	0.022902820587158222
958	0.40364164113998413	0.41599915647506713	0.022357515335083025
959	0.40364164113998413	0.41599915647506713	0.022357515335083025
960	0.40364164113998413	0.41599915647506713	0.022357515335083025
961	0.40364164113998413	0.41599915647506713	0.022357515335083025
962	0.40364164113998413	0.41599915647506713	0.022357515335083025
963	0.40364164113998413	0.41599915647506713	0.022357515335083025
964	0.40364164113998413	0.41599915647506713	0.022357515335083025
965	0.40364164113998413	0.41599915647506713	0.022357515335083025
966	0.40364164113998413	0.41599915647506713	0.022357515335083025
967	0.40364164113998413	0.41599915647506713	0.022357515335083025
968	0.40364164113998413	0.41599915647506713	0.022357515335083025
969	0.40364164113998413	0.41599915647506713	0.022357515335083025
970	0.40364164113998413	0.41599915647506713	0.022357515335083025
971	0.40364164113998413	0.41599915647506713	0.022357515335083025
972	0.40364164113998413	0.41599915647506713	0.022357515335083025
973	0.40364164113998413	0.41599915647506713	0.022357515335083025
974	0.40364164113998413	0.41599915647506713	0.022357515335083025
975	0.40364164113998413	0.41599915647506713	0.022357515335083025
976	0.40364164113998413	0.41599915647506713	0.022357515335083025
977	0.40364164113998413	0.41599915647506713	0.022357515335083025
978	0.40364164113998413	0.41599915647506713	0.022357515335083025
979	0.40364164113998413	0.41599915647506713	0.022357515335083025
980	0.40364164113998413	0.41599915647506713	0.022357515335083025
981	0.40364164113998413	0.41599915647506713	0.022357515335083025
982	0.40364164113998413	0.41599915647506713	0.022357515335083025
983	0.40364164113998413	0.41599915647506713	0.022357515335083025
984	0.40364164113998413	0.41599915647506713	0.022357515335083025
985	0.40364164113998413	0.41599915647506713	0.022357515335083025
986	0.40364164113998413	0.41599915647506713	0.022357515335083025
987	0.40364164113998413	0.41599915647506713	0.022357515335083025
988	0.40364164113998413	0.41599915647506713	0.022357515335083025
989	0.40364164113998413	0.41599915647506713	0.022357515335083025
990	0.40364164113998413	0.41599915647506713	0.022357515335083025
991	0.40255114436149597	0.41599927020072935	0.02344812583923342
992	0.403642475605011	0.415999990940094	0.022357515335083025
993	0.40200674533843994	0.41600017642974857	0.023993431091308616
994	0.4014635682106018	0.4160023045539856	0.024538736343383813
995	0.4047357738018036	0.4160026786327362	0.02126690483093263
996	0.4036455452442169	0.4160030605792999	0.022357515335083025
997	0.39982953667640686	0.41600418877601625	0.026174652099609404
998	0.40146613121032715	0.41600486755371097	0.024538736343383813
999	0.4052835702896118	0.41600516986846925	0.020721599578857434
1000	0.4020118713378906	0.41600530242919925	0.023993431091308616

Best Loss: 0.39972302317619324

Training Times (seconds): [83.55492651799995]
