Iteration	Loss (h + target_loss)	Total Cost (f)	Cost g
1	0.5772393941879272	0.5672393941879272	0
2	0.5292812585830688	0.5198584979772568	0.0005772393941879272
3	0.498322993516922	0.48947747230529787	0.0011544787883758544
4	0.4866791367530823	0.47841085493564606	0.0017317181825637815
5	0.47972068190574646	0.47202963948249815	0.002308957576751709
6	0.46987077593803406	0.46275697290897366	0.002886196970939636
7	0.4662465453147888	0.4597099816799164	0.0034634363651275635
8	0.46305009722709656	0.45709077298641204	0.00404067575931549
9	0.46028122305870056	0.45489913821220396	0.004617915153503418
10	0.45793840289115906	0.4531335574388504	0.005195154547691345
11	0.45472487807273865	0.4504972720146179	0.005772393941879272
12	0.4518294632434845	0.4481790965795517	0.0063496333360672
13	0.4493577778339386	0.4462846505641937	0.006926872730255127
14	0.447306752204895	0.4448108643293381	0.007504112124443054
15	0.4456718862056732	0.4437532377243042	0.00808135151863098
16	0.44444751739501953	0.4431061083078384	0.008658590912818908
17	0.4420495629310608	0.4412853932380676	0.009235830307006835
18	0.42674458026885986	0.42655764997005463	0.009813069701194763
19	0.4230121672153473	0.42340247631072997	0.01039030909538269
20	0.4190877676010132	0.4200553160905838	0.010967548489570617
21	0.41527631878852844	0.416821106672287	0.011544787883758545
22	0.4106646180152893	0.4127866452932358	0.012122027277946472
23	0.4076620936393738	0.41036136031150816	0.0126992666721344
24	0.4050902724266052	0.4083667784929275	0.013276506066322327
25	0.4027966856956482	0.40665043115615845	0.013853745460510254
26	0.4007664918899536	0.4051974767446518	0.014430984854698181
27	0.39898455142974854	0.4039927756786346	0.015008224248886108
28	0.3972799479961395	0.4028654116392136	0.015585463643074036
29	0.3954910933971405	0.40165379643440247	0.01616270303726196
30	0.39390817284584045	0.40064811527729033	0.016739942431449887
31	0.39251741766929626	0.39983459949493405	0.017317181825637813
32	0.3913052976131439	0.3991997188329697	0.017894421219825738
33	0.39025893807411194	0.3987305986881256	0.018471660614013664
34	0.38936588168144226	0.39841478168964384	0.01904890000820159
35	0.3886032998561859	0.3982294392585754	0.019626139402389515
36	0.3876775801181793	0.3978809589147568	0.02020337879657744
37	0.3868739902973175	0.3976546084880829	0.020780618190765366
38	0.3861825168132782	0.3975403743982315	0.02135785758495329
39	0.3855936825275421	0.3975287795066833	0.021935096979141217
40	0.38509854674339294	0.3976108831167221	0.022512336373329143
41	0.3852263391017914	0.39773867547512054	0.022512336373329143
42	0.38427063822746277	0.39736021399497984	0.02308957576751707
43	0.3828066289424896	0.3964734441041946	0.023666815161704994
44	0.381025105714798	0.39526916027069087	0.02424405455589292
45	0.37911075353622437	0.3939320474863052	0.024821293950080845
46	0.3772948384284973	0.3926933717727661	0.02539853334426877
47	0.3753701448440552	0.39134591758251186	0.025975772738456696
48	0.3740829825401306	0.3906359946727752	0.026553012132644622
49	0.3730194866657257	0.39014973819255827	0.027130251526832547
50	0.3720714747905731	0.3897789657115936	0.027707490921020473
51	0.3712320327758789	0.3895167630910873	0.0282847303152084
52	0.37049469351768494	0.38935666322708123	0.028861969709396324
53	0.3696891665458679	0.3891283756494522	0.02943920910358425
54	0.3689388632774353	0.3889553117752075	0.030016448497772175
55	0.368276983499527	0.38887067139148707	0.0305936878919601
56	0.3676978051662445	0.3888687324523925	0.031170927286148026
57	0.36719635128974915	0.3889445179700851	0.031748166680335956
58	0.3666022717952728	0.3889276778697967	0.03232540607452388
59	0.36602482199668884	0.38892746746540063	0.03290264546871181
60	0.3655124008655548	0.3889922857284545	0.03347988486289973
61	0.36724913120269775	0.3889972978830337	0.031748166680335956
62	0.3667674958705902	0.3890929019451141	0.03232540607452388
63	0.3650607466697693	0.38911787092685696	0.03405712425708766
64	0.3650675117969513	0.38912463605403896	0.03405712425708766
65	0.36680716276168823	0.3891325688362121	0.03232540607452388
66	0.36601629853248596	0.38891894400119775	0.03290264546871181
67	0.3654758334159851	0.3889557182788848	0.03347988486289973
68	0.36500921845436096	0.38906634271144863	0.03405712425708766
69	0.3661975562572479	0.3891002017259597	0.03290264546871181
70	0.3644801378250122	0.3891145014762878	0.03463436365127558
71	0.3679700195789337	0.3891409468650817	0.031170927286148026
72	0.36393091082572937	0.38914251387119286	0.03521160304546351
73	0.3656660318374634	0.3891459167003631	0.03347988486289973
74	0.3650955855846405	0.3891527098417282	0.03405712425708766
75	0.36625438928604126	0.38915703475475305	0.03290264546871181
76	0.36453258991241455	0.38916695356369013	0.03463436365127558
77	0.3656896948814392	0.3891695797443389	0.03347988486289973
78	0.3674391210079193	0.3891872876882553	0.031748166680335956
79	0.3666355609893799	0.38896096706390376	0.03232540607452388
80	0.366782546043396	0.3891079521179199	0.03232540607452388
81	0.3674492835998535	0.3891974502801895	0.031748166680335956
82	0.36976364254951477	0.38920285165309904	0.02943920910358425
83	0.3689223825931549	0.3889388310909271	0.030016448497772175
84	0.3681720197200775	0.3887657076120376	0.0305936878919601
85	0.36750733852386475	0.38867826581001275	0.031170927286148026
86	0.36692309379577637	0.38867126047611233	0.031748166680335956
87	0.36632904410362244	0.3886544501781463	0.03232540607452388
88	0.36567196249961853	0.3885746079683303	0.03290264546871181
89	0.3650830090045929	0.3885628938674926	0.03347988486289973
90	0.3645581007003784	0.3886152249574661	0.03405712425708766
91	0.3640933334827423	0.3887276971340179	0.03463436365127558
92	0.3664146065711975	0.3887400126457214	0.03232540607452388
93	0.3670586049556732	0.3888067716360092	0.031748166680335956
94	0.3659772276878357	0.3888798731565475	0.03290264546871181
95	0.36368492245674133	0.3888965255022048	0.03521160304546351
96	0.36602944135665894	0.3889320868253707	0.03290264546871181
97	0.3652508556842804	0.3887307405471801	0.03347988486289973
98	0.3647013008594513	0.38875842511653896	0.03405712425708766
99	0.3641722500324249	0.3888066136837005	0.03463436365127558
100	0.3635432720184326	0.3887548750638961	0.03521160304546351
101	0.36297956109046936	0.38876840353012077	0.035788842439651435
102	0.36247721314430237	0.38884329497814174	0.03636608183383936
103	0.3642241656780243	0.3888585293292999	0.03463436365127558
104	0.3654356598854065	0.3889155447483062	0.03347988486289973
105	0.364870548248291	0.3889276725053787	0.03405712425708766
106	0.36546802520751953	0.38894791007041923	0.03347988486289973
107	0.36490026116371155	0.3889573854207992	0.03405712425708766
108	0.3643381893634796	0.3889725530147552	0.03463436365127558
109	0.36491864919662476	0.3889757734537124	0.03405712425708766
110	0.36426833271980286	0.38890269637107844	0.03463436365127558
111	0.3636692464351654	0.3888808494806289	0.03521160304546351
112	0.3631340265274048	0.3889228689670562	0.035788842439651435
113	0.3620324730873108	0.3889757943153381	0.036943321228027286
114	0.3649353086948395	0.38899243295192715	0.03405712425708766
115	0.3666682839393616	0.38899369001388545	0.03232540607452388
116	0.3658774197101593	0.3887800651788711	0.03290264546871181
117	0.3660281300544739	0.38893077552318567	0.03290264546871181
118	0.36667537689208984	0.3890007829666137	0.03232540607452388
119	0.3643718957901001	0.3890062594413757	0.03463436365127558
120	0.36552825570106506	0.38900814056396477	0.03347988486289973
121	0.36438456177711487	0.38901892542839045	0.03463436365127558
122	0.36381080746650696	0.38902241051197045	0.03521160304546351
123	0.3626587390899658	0.3890248209238052	0.03636608183383936
124	0.3638150095939636	0.3890266126394271	0.03521160304546351
125	0.36612457036972046	0.38902721583843225	0.03290264546871181
126	0.3678651452064514	0.3890360724925994	0.031170927286148026
127	0.3649793267250061	0.3890364509820938	0.03405712425708766
128	0.3638380467891693	0.3890496498346328	0.03521160304546351
129	0.36730414628982544	0.3890523129701614	0.031748166680335956
130	0.36385253071784973	0.3890641337633132	0.03521160304546351
131	0.3650083839893341	0.3890655082464218	0.03405712425708766
132	0.363861083984375	0.3890726870298385	0.03521160304546351
133	0.3655939996242523	0.389073884487152	0.03347988486289973
134	0.36502379179000854	0.3890809160470962	0.03405712425708766
135	0.3643231689929962	0.3889575326442718	0.03463436365127558
136	0.36560651659965515	0.38908640146255485	0.03347988486289973
137	0.3632987439632416	0.389087586402893	0.035788842439651435
138	0.3667754530906677	0.3891008591651916	0.03232540607452388
139	0.36613619327545166	0.38903883874416345	0.03290264546871181
140	0.36545607447624207	0.38893595933914177	0.03347988486289973
141	0.3648533225059509	0.3889104467630386	0.03405712425708766
142	0.36496347188949585	0.3890205961465835	0.03405712425708766
143	0.36447232961654663	0.3891066932678222	0.03463436365127558
144	0.3656320869922638	0.3891119718551635	0.03347988486289973
145	0.36505669355392456	0.38911381781101223	0.03405712425708766
146	0.36332952976226807	0.38911837220191947	0.035788842439651435
147	0.3644867539405823	0.38912111759185786	0.03463436365127558
148	0.36564263701438904	0.38912252187728874	0.03347988486289973
149	0.36622315645217896	0.38912580192089075	0.03290264546871181
150	0.3656468391418457	0.3891267240047454	0.03347988486289973
151	0.3662262558937073	0.38912890136241907	0.03290264546871181
152	0.3650721311569214	0.38912925541400906	0.03405712425708766
153	0.36565473675727844	0.38913462162017814	0.03347988486289973
154	0.36738938093185425	0.3891375476121902	0.031748166680335956
155	0.3665858507156372	0.3889112567901611	0.03232540607452388
156	0.3667007386684418	0.38902614474296565	0.03232540607452388
157	0.3650830090045929	0.38914013326168057	0.03405712425708766
158	0.3650830090045929	0.38914013326168057	0.03405712425708766
159	0.3650830090045929	0.38914013326168057	0.03405712425708766
160	0.3650830090045929	0.38914013326168057	0.03405712425708766
161	0.3650830090045929	0.38914013326168057	0.03405712425708766
162	0.3650830090045929	0.38914013326168057	0.03405712425708766
163	0.3650830090045929	0.38914013326168057	0.03405712425708766
164	0.3650830090045929	0.38914013326168057	0.03405712425708766
165	0.3650830090045929	0.38914013326168057	0.03405712425708766
166	0.3650830090045929	0.38914013326168057	0.03405712425708766
167	0.3650830090045929	0.38914013326168057	0.03405712425708766
168	0.3650830090045929	0.38914013326168057	0.03405712425708766
169	0.3650830090045929	0.38914013326168057	0.03405712425708766
170	0.3650830090045929	0.38914013326168057	0.03405712425708766
171	0.3650830090045929	0.38914013326168057	0.03405712425708766
172	0.3650830090045929	0.38914013326168057	0.03405712425708766
173	0.3650830090045929	0.38914013326168057	0.03405712425708766
174	0.3650830090045929	0.38914013326168057	0.03405712425708766
175	0.3650830090045929	0.38914013326168057	0.03405712425708766
176	0.3650830090045929	0.38914013326168057	0.03405712425708766
177	0.365085631608963	0.3891427558660507	0.03405712425708766
178	0.3656640946865082	0.3891439795494079	0.03347988486289973
179	0.3656645119190216	0.3891443967819213	0.03347988486289973
180	0.36624759435653687	0.38915023982524866	0.03290264546871181
181	0.36740362644195557	0.38915179312229153	0.031748166680335956
182	0.36567196249961853	0.38915184736251823	0.03347988486289973
183	0.36567196249961853	0.38915184736251823	0.03347988486289973
184	0.36567196249961853	0.38915184736251823	0.03347988486289973
185	0.36567196249961853	0.38915184736251823	0.03347988486289973
186	0.36567196249961853	0.38915184736251823	0.03347988486289973
187	0.36567196249961853	0.38915184736251823	0.03347988486289973
188	0.36567196249961853	0.38915184736251823	0.03347988486289973
189	0.36567196249961853	0.38915184736251823	0.03347988486289973
190	0.36567196249961853	0.38915184736251823	0.03347988486289973
191	0.36567196249961853	0.38915184736251823	0.03347988486289973
192	0.36567196249961853	0.38915184736251823	0.03347988486289973
193	0.36567196249961853	0.38915184736251823	0.03347988486289973
194	0.36567196249961853	0.38915184736251823	0.03347988486289973
195	0.36567196249961853	0.38915184736251823	0.03347988486289973
196	0.36567196249961853	0.38915184736251823	0.03347988486289973
197	0.36567196249961853	0.38915184736251823	0.03347988486289973
198	0.36567196249961853	0.38915184736251823	0.03347988486289973
199	0.36567196249961853	0.38915184736251823	0.03347988486289973
200	0.36567196249961853	0.38915184736251823	0.03347988486289973
201	0.36567196249961853	0.38915184736251823	0.03347988486289973
202	0.36509594321250916	0.3891530674695968	0.03405712425708766
203	0.3656744360923767	0.3891543209552764	0.03347988486289973
204	0.3633671998977661	0.3891560423374175	0.035788842439651435
205	0.3645230531692505	0.38915741682052607	0.03463436365127558
206	0.36452704668045044	0.389161410331726	0.03463436365127558
207	0.365681916475296	0.3891618013381957	0.03347988486289973
208	0.3616417646408081	0.3891623252630233	0.03752056062221521
209	0.3639647960662842	0.3891763991117477	0.03521160304546351
210	0.36569762229919434	0.38917750716209404	0.03347988486289973
211	0.3645443022251129	0.3891786658763885	0.03463436365127558
212	0.36281338334083557	0.38917946517467494	0.03636608183383936
213	0.3622397780418396	0.3891830992698669	0.036943321228027286
214	0.363396018743515	0.3891848611831664	0.035788842439651435
215	0.3651280403137207	0.3891851645708084	0.03405712425708766
216	0.3680156171321869	0.3891865444183349	0.031170927286148026
217	0.3657081425189972	0.3891880273818969	0.03347988486289973
218	0.3634009063243866	0.389189748764038	0.035788842439651435
219	0.3645581007003784	0.389192464351654	0.03463436365127558
220	0.3645581007003784	0.389192464351654	0.03463436365127558
221	0.3645581007003784	0.389192464351654	0.03463436365127558
222	0.3645581007003784	0.389192464351654	0.03463436365127558
223	0.3645581007003784	0.389192464351654	0.03463436365127558
224	0.3645581007003784	0.389192464351654	0.03463436365127558
225	0.3645581007003784	0.389192464351654	0.03463436365127558
226	0.3645581007003784	0.389192464351654	0.03463436365127558
227	0.3645581007003784	0.389192464351654	0.03463436365127558
228	0.3645581007003784	0.389192464351654	0.03463436365127558
229	0.3645581007003784	0.389192464351654	0.03463436365127558
230	0.3645581007003784	0.389192464351654	0.03463436365127558
231	0.3645581007003784	0.389192464351654	0.03463436365127558
232	0.3645581007003784	0.389192464351654	0.03463436365127558
233	0.3645581007003784	0.389192464351654	0.03463436365127558
234	0.3645581007003784	0.389192464351654	0.03463436365127558
235	0.3645581007003784	0.389192464351654	0.03463436365127558
236	0.3645581007003784	0.389192464351654	0.03463436365127558
237	0.3645581007003784	0.389192464351654	0.03463436365127558
238	0.3645581007003784	0.389192464351654	0.03463436365127558
239	0.3668680489063263	0.3891934549808502	0.03232540607452388
240	0.3645591139793396	0.3891934776306152	0.03463436365127558
241	0.36513689160346985	0.3891940158605575	0.03405712425708766
242	0.36452773213386536	0.38916209578514094	0.03463436365127558
243	0.3638576865196228	0.3890692895650863	0.03521160304546351
244	0.3632660210132599	0.3890548634529113	0.035788842439651435
245	0.36274799704551697	0.38911407887935634	0.03636608183383936
246	0.36513781547546387	0.38919493973255154	0.03405712425708766
247	0.36744827032089233	0.3891964370012283	0.031748166680335956
248	0.3651401996612549	0.38919732391834255	0.03405712425708766
249	0.3639858365058899	0.3891974395513534	0.03521160304546351
250	0.36340948939323425	0.38919833183288566	0.035788842439651435
251	0.36572447419166565	0.38920435905456535	0.03347988486289973
252	0.3645704388618469	0.3892048025131225	0.03463436365127558
253	0.3645738959312439	0.3892082595825195	0.03463436365127558
254	0.36457473039627075	0.38920909404754633	0.03463436365127558
255	0.3651522099971771	0.3892093342542648	0.03405712425708766
256	0.3628446161746979	0.38921069800853725	0.03636608183383936
257	0.3657327890396118	0.3892126739025115	0.03347988486289973
258	0.366311252117157	0.3892138975858688	0.03290264546871181
259	0.36284905672073364	0.389215138554573	0.03636608183383936
260	0.3651620149612427	0.38921913921833035	0.03405712425708766
261	0.3657417893409729	0.3892216742038726	0.03347988486289973
262	0.36632123589515686	0.38922388136386865	0.03290264546871181
263	0.3668987452983856	0.3892241513729095	0.03232540607452388
264	0.3651675283908844	0.38922465264797207	0.03405712425708766
265	0.36459216475486755	0.38922652840614314	0.03463436365127558
266	0.366324245929718	0.3892268913984298	0.03290264546871181
267	0.3669053912162781	0.38923079729080196	0.03232540607452388
268	0.36575135588645935	0.38923124074935905	0.03347988486289973
269	0.36632904410362244	0.3892316895723342	0.03290264546871181
270	0.36632904410362244	0.3892316895723342	0.03290264546871181
271	0.36632904410362244	0.3892316895723342	0.03290264546871181
272	0.36632904410362244	0.3892316895723342	0.03290264546871181
273	0.36632904410362244	0.3892316895723342	0.03290264546871181
274	0.36632904410362244	0.3892316895723342	0.03290264546871181
275	0.36632904410362244	0.3892316895723342	0.03290264546871181
276	0.36632904410362244	0.3892316895723342	0.03290264546871181
277	0.36632904410362244	0.3892316895723342	0.03290264546871181
278	0.36632904410362244	0.3892316895723342	0.03290264546871181
279	0.36632904410362244	0.3892316895723342	0.03290264546871181
280	0.36632904410362244	0.3892316895723342	0.03290264546871181
281	0.36632904410362244	0.3892316895723342	0.03290264546871181
282	0.36632904410362244	0.3892316895723342	0.03290264546871181
283	0.36632904410362244	0.3892316895723342	0.03290264546871181
284	0.36632904410362244	0.3892316895723342	0.03290264546871181
285	0.36632904410362244	0.3892316895723342	0.03290264546871181
286	0.36632904410362244	0.3892316895723342	0.03290264546871181
287	0.36632904410362244	0.3892316895723342	0.03290264546871181
288	0.36632904410362244	0.3892316895723342	0.03290264546871181
289	0.3634435832500458	0.3892324256896972	0.035788842439651435
290	0.3645991086959839	0.38923347234725947	0.03463436365127558
291	0.36633217334747314	0.38923481881618494	0.03290264546871181
292	0.36633235216140747	0.38923499763011926	0.03290264546871181
293	0.3640250861644745	0.389236689209938	0.03521160304546351
294	0.3663359582424164	0.3892386037111282	0.03290264546871181
295	0.36576029658317566	0.38924018144607536	0.03347988486289973
296	0.3669152557849884	0.3892406618595123	0.03232540607452388
297	0.36229828000068665	0.38924160122871393	0.036943321228027286
298	0.36169466376304626	0.38921522438526146	0.03752056062221521
299	0.36229920387268066	0.38924252510070795	0.036943321228027286
300	0.36403176188468933	0.3892433649301528	0.03521160304546351
301	0.36691829562187195	0.3892437016963958	0.03232540607452388
302	0.3680730164051056	0.3892439436912536	0.031170927286148026
303	0.36461153626441956	0.38924589991569514	0.03463436365127558
304	0.36461177468299866	0.38924613833427424	0.03463436365127558
305	0.3651893734931946	0.38924649775028225	0.03405712425708766
306	0.36460378766059875	0.38923815131187434	0.03463436365127558
307	0.3640349805355072	0.3892465835809707	0.03521160304546351
308	0.36345815658569336	0.38924699902534476	0.035788842439651435
309	0.3628021776676178	0.38916825950145717	0.03636608183383936
310	0.36224377155303955	0.38918709278106683	0.036943321228027286
311	0.36692309379577637	0.38924849987030025	0.03232540607452388
312	0.36692309379577637	0.38924849987030025	0.03232540607452388
313	0.36692309379577637	0.38924849987030025	0.03232540607452388
314	0.36692309379577637	0.38924849987030025	0.03232540607452388
315	0.36692309379577637	0.38924849987030025	0.03232540607452388
316	0.36692309379577637	0.38924849987030025	0.03232540607452388
317	0.36692309379577637	0.38924849987030025	0.03232540607452388
318	0.36692309379577637	0.38924849987030025	0.03232540607452388
319	0.36692309379577637	0.38924849987030025	0.03232540607452388
320	0.36692309379577637	0.38924849987030025	0.03232540607452388
321	0.36692309379577637	0.38924849987030025	0.03232540607452388
322	0.36692309379577637	0.38924849987030025	0.03232540607452388
323	0.36692309379577637	0.38924849987030025	0.03232540607452388
324	0.36692309379577637	0.38924849987030025	0.03232540607452388
325	0.36692309379577637	0.38924849987030025	0.03232540607452388
326	0.36692309379577637	0.38924849987030025	0.03232540607452388
327	0.36692309379577637	0.38924849987030025	0.03232540607452388
328	0.36692309379577637	0.38924849987030025	0.03232540607452388
329	0.36692309379577637	0.38924849987030025	0.03232540607452388
330	0.36692309379577637	0.38924849987030025	0.03232540607452388
331	0.36461466550827026	0.38924902915954585	0.03463436365127558
332	0.363461434841156	0.3892502772808074	0.035788842439651435
333	0.36346203088760376	0.38925087332725516	0.035788842439651435
334	0.36115366220474243	0.38925146222114554	0.03809780001640314
335	0.36346274614334106	0.38925158858299247	0.035788842439651435
336	0.3669262230396271	0.38925162911415095	0.03232540607452388
337	0.3646192252635956	0.38925358891487116	0.03463436365127558
338	0.3675057590007782	0.38925392568111417	0.031748166680335956
339	0.3628886640071869	0.38925474584102626	0.03636608183383936
340	0.36692994832992554	0.3892553544044494	0.03232540607452388
341	0.36750733852386475	0.3892555052042007	0.031748166680335956
342	0.36750733852386475	0.3892555052042007	0.031748166680335956
343	0.36750733852386475	0.3892555052042007	0.031748166680335956
344	0.36750733852386475	0.3892555052042007	0.031748166680335956
345	0.36750733852386475	0.3892555052042007	0.031748166680335956
346	0.36750733852386475	0.3892555052042007	0.031748166680335956
347	0.36750733852386475	0.3892555052042007	0.031748166680335956
348	0.36750733852386475	0.3892555052042007	0.031748166680335956
349	0.36750733852386475	0.3892555052042007	0.031748166680335956
350	0.36750733852386475	0.3892555052042007	0.031748166680335956
351	0.36750733852386475	0.3892555052042007	0.031748166680335956
352	0.36750733852386475	0.3892555052042007	0.031748166680335956
353	0.36750733852386475	0.3892555052042007	0.031748166680335956
354	0.36750733852386475	0.3892555052042007	0.031748166680335956
355	0.36750733852386475	0.3892555052042007	0.031748166680335956
356	0.36750733852386475	0.3892555052042007	0.031748166680335956
357	0.36750733852386475	0.3892555052042007	0.031748166680335956
358	0.36750733852386475	0.3892555052042007	0.031748166680335956
359	0.36750733852386475	0.3892555052042007	0.031748166680335956
360	0.36750733852386475	0.3892555052042007	0.031748166680335956
361	0.3657759428024292	0.3892558276653289	0.03347988486289973
362	0.36750927567481995	0.3892574423551559	0.031748166680335956
363	0.3663553297519684	0.3892579752206802	0.03290264546871181
364	0.3634696304798126	0.389258472919464	0.035788842439651435
365	0.36635610461235046	0.38925875008106225	0.03290264546871181
366	0.36751097440719604	0.389259141087532	0.031748166680335956
367	0.36520397663116455	0.3892611008882522	0.03405712425708766
368	0.3657814562320709	0.3892613410949706	0.03347988486289973
369	0.3640499413013458	0.3892615443468093	0.03521160304546351
370	0.3623206317424774	0.3892639529705047	0.036943321228027286
371	0.36636337637901306	0.38926602184772485	0.03290264546871181
372	0.36751899123191833	0.3892671579122543	0.031748166680335956
373	0.36405646800994873	0.3892680710554122	0.03521160304546351
374	0.364057332277298	0.38926893532276147	0.03521160304546351
375	0.36752480268478394	0.3892729693651199	0.031748166680335956
376	0.36406251788139343	0.3892741209268569	0.03521160304546351
377	0.3646399676799774	0.389274331331253	0.03463436365127558
378	0.364030122756958	0.3892417258024215	0.03521160304546351
379	0.3634151518344879	0.3892039942741393	0.035788842439651435
380	0.3628726005554199	0.3892386823892593	0.03636608183383936
381	0.3617541491985321	0.3892747098207473	0.03752056062221521
382	0.3646409213542938	0.3892752850055694	0.03463436365127558
383	0.36391428112983704	0.38912588417530053	0.03521160304546351
384	0.36335569620132446	0.38914453864097587	0.035788842439651435
385	0.3628692030906677	0.3892352849245071	0.03636608183383936
386	0.3622913956642151	0.38923471689224237	0.036943321228027286
387	0.3617168962955475	0.3892374569177627	0.03752056062221521
388	0.36521822214126587	0.38927534639835354	0.03405712425708766
389	0.3669501543045044	0.3892755603790283	0.03232540607452388
390	0.3681088984012604	0.3892798256874084	0.031170927286148026
391	0.3652230203151703	0.38928014457225796	0.03405712425708766
392	0.36407044529914856	0.38928204834461205	0.03521160304546351
393	0.3658038377761841	0.3892837226390838	0.03347988486289973
394	0.3663827180862427	0.38928536355495447	0.03290264546871181
395	0.36407381296157837	0.38928541600704186	0.03521160304546351
396	0.36407679319381714	0.38928839623928063	0.03521160304546351
397	0.3652319312095642	0.3892890554666519	0.03405712425708766
398	0.3652323782444	0.3892895025014877	0.03405712425708766
399	0.36465537548065186	0.38928973913192744	0.03463436365127558
400	0.36985301971435547	0.38929222881793973	0.02943920910358425
401	0.3623499274253845	0.3892932486534118	0.036943321228027286
402	0.364082932472229	0.3892945355176925	0.03521160304546351
403	0.3629288375377655	0.3892949193716049	0.03636608183383936
404	0.36523792147636414	0.3892950457334518	0.03405712425708766
405	0.36293089389801025	0.3892969757318496	0.03636608183383936
406	0.3646635413169861	0.38929790496826167	0.03463436365127558
407	0.36466386914253235	0.38929823279380793	0.03463436365127558
408	0.3669736385345459	0.3892990446090698	0.03232540607452388
409	0.3663973808288574	0.3893000262975692	0.03290264546871181
410	0.3663977086544037	0.3893003541231155	0.03290264546871181
411	0.36466604471206665	0.38930040836334223	0.03463436365127558
412	0.3612035810947418	0.38930138111114493	0.03809780001640314
413	0.3646675944328308	0.3893019580841064	0.03463436365127558
414	0.36409252882003784	0.38930413186550133	0.03521160304546351
415	0.36582425236701965	0.38930413722991936	0.03347988486289973
416	0.36409270763397217	0.38930431067943566	0.03521160304546351
417	0.3675565719604492	0.3893047386407852	0.031748166680335956
418	0.3640933334827423	0.3893049365282058	0.03521160304546351
419	0.3640933334827423	0.3893049365282058	0.03521160304546351
420	0.3640933334827423	0.3893049365282058	0.03521160304546351
421	0.3640933334827423	0.3893049365282058	0.03521160304546351
422	0.3640933334827423	0.3893049365282058	0.03521160304546351
423	0.3640933334827423	0.3893049365282058	0.03521160304546351
424	0.3640933334827423	0.3893049365282058	0.03521160304546351
425	0.3640933334827423	0.3893049365282058	0.03521160304546351
426	0.3640933334827423	0.3893049365282058	0.03521160304546351
427	0.3640933334827423	0.3893049365282058	0.03521160304546351
428	0.3640933334827423	0.3893049365282058	0.03521160304546351
429	0.3640933334827423	0.3893049365282058	0.03521160304546351
430	0.3640933334827423	0.3893049365282058	0.03521160304546351
431	0.3640933334827423	0.3893049365282058	0.03521160304546351
432	0.3640933334827423	0.3893049365282058	0.03521160304546351
433	0.3640933334827423	0.3893049365282058	0.03521160304546351
434	0.3640933334827423	0.3893049365282058	0.03521160304546351
435	0.3640933334827423	0.3893049365282058	0.03521160304546351
436	0.3640933334827423	0.3893049365282058	0.03521160304546351
437	0.3640933334827423	0.3893049365282058	0.03521160304546351
438	0.3652487099170685	0.38930583417415615	0.03405712425708766
439	0.3646736145019531	0.3893079781532287	0.03463436365127558
440	0.3652508556842804	0.38930797994136807	0.03405712425708766
441	0.3652508556842804	0.38930797994136807	0.03405712425708766
442	0.3652508556842804	0.38930797994136807	0.03405712425708766
443	0.3652508556842804	0.38930797994136807	0.03405712425708766
444	0.3652508556842804	0.38930797994136807	0.03405712425708766
445	0.3652508556842804	0.38930797994136807	0.03405712425708766
446	0.3652508556842804	0.38930797994136807	0.03405712425708766
447	0.3652508556842804	0.38930797994136807	0.03405712425708766
448	0.3652508556842804	0.38930797994136807	0.03405712425708766
449	0.3652508556842804	0.38930797994136807	0.03405712425708766
450	0.3652508556842804	0.38930797994136807	0.03405712425708766
451	0.3652508556842804	0.38930797994136807	0.03405712425708766
452	0.3652508556842804	0.38930797994136807	0.03405712425708766
453	0.3652508556842804	0.38930797994136807	0.03405712425708766
454	0.3652508556842804	0.38930797994136807	0.03405712425708766
455	0.3652508556842804	0.38930797994136807	0.03405712425708766
456	0.3652508556842804	0.38930797994136807	0.03405712425708766
457	0.3652508556842804	0.38930797994136807	0.03405712425708766
458	0.3652508556842804	0.38930797994136807	0.03405712425708766
459	0.3652508556842804	0.38930797994136807	0.03405712425708766
460	0.36525091528892517	0.38930803954601284	0.03405712425708766
461	0.36640655994415283	0.3893092054128646	0.03290264546871181
462	0.36640670895576477	0.38930935442447656	0.03290264546871181
463	0.3669842481613159	0.3893096542358398	0.03232540607452388
464	0.3652540147304535	0.38931113898754116	0.03405712425708766
465	0.36640870571136475	0.38931135118007654	0.03290264546871181
466	0.3652551472187042	0.3893122714757919	0.03405712425708766
467	0.3641014099121094	0.38931301295757287	0.03521160304546351
468	0.3634340763092041	0.3892229187488555	0.035788842439651435
469	0.363526850938797	0.3893156933784484	0.035788842439651435
470	0.3664146065711975	0.3893172520399093	0.03290264546871181
471	0.3664146065711975	0.3893172520399093	0.03290264546871181
472	0.3664146065711975	0.3893172520399093	0.03290264546871181
473	0.3664146065711975	0.3893172520399093	0.03290264546871181
474	0.3664146065711975	0.3893172520399093	0.03290264546871181
475	0.3664146065711975	0.3893172520399093	0.03290264546871181
476	0.3664146065711975	0.3893172520399093	0.03290264546871181
477	0.3664146065711975	0.3893172520399093	0.03290264546871181
478	0.3664146065711975	0.3893172520399093	0.03290264546871181
479	0.3664146065711975	0.3893172520399093	0.03290264546871181
480	0.3664146065711975	0.3893172520399093	0.03290264546871181
481	0.3664146065711975	0.3893172520399093	0.03290264546871181
482	0.3664146065711975	0.3893172520399093	0.03290264546871181
483	0.3664146065711975	0.3893172520399093	0.03290264546871181
484	0.3664146065711975	0.3893172520399093	0.03290264546871181
485	0.3664146065711975	0.3893172520399093	0.03290264546871181
486	0.3664146065711975	0.3893172520399093	0.03290264546871181
487	0.3664146065711975	0.3893172520399093	0.03290264546871181
488	0.3664146065711975	0.3893172520399093	0.03290264546871181
489	0.3664146065711975	0.3893172520399093	0.03290264546871181
490	0.3693011701107025	0.3893176186084747	0.030016448497772175
491	0.3629526197910309	0.38931870162487026	0.03636608183383936
492	0.36353054642677307	0.3893193888664245	0.035788842439651435
493	0.36583951115608215	0.38931939601898186	0.03347988486289973
494	0.36583998799324036	0.38931987285614006	0.03347988486289973
495	0.36295434832572937	0.38932043015956874	0.03636608183383936
496	0.3658434748649597	0.3893233597278594	0.03347988486289973
497	0.36295732855796814	0.3893234103918075	0.03636608183383936
498	0.3641118109226227	0.3893234139680862	0.03521160304546351
499	0.36584392189979553	0.38932380676269523	0.03347988486289973
500	0.3658442497253418	0.3893241345882415	0.03347988486289973
501	0.3669987916946411	0.389324197769165	0.03232540607452388
502	0.36815547943115234	0.38932640671730034	0.031170927286148026
503	0.3673389256000519	0.38908709228038785	0.031748166680335956
504	0.3674497902393341	0.3891979569196701	0.031748166680335956
505	0.36411505937576294	0.38932666242122643	0.03521160304546351
506	0.366424560546875	0.3893272060155868	0.03290264546871181
507	0.3652704358100891	0.3893275600671768	0.03405712425708766
508	0.36411789059638977	0.38932949364185326	0.03521160304546351
509	0.36354124546051025	0.38933008790016166	0.035788842439651435
510	0.3641188442707062	0.38933044731616967	0.03521160304546351
511	0.3623884320259094	0.3893317532539367	0.036943321228027286
512	0.3635432720184326	0.389332114458084	0.035788842439651435
513	0.3635432720184326	0.389332114458084	0.035788842439651435
514	0.3635432720184326	0.389332114458084	0.035788842439651435
515	0.3635432720184326	0.389332114458084	0.035788842439651435
516	0.3635432720184326	0.389332114458084	0.035788842439651435
517	0.3635432720184326	0.389332114458084	0.035788842439651435
518	0.3635432720184326	0.389332114458084	0.035788842439651435
519	0.3635432720184326	0.389332114458084	0.035788842439651435
520	0.3635432720184326	0.389332114458084	0.035788842439651435
521	0.3635432720184326	0.389332114458084	0.035788842439651435
522	0.3635432720184326	0.389332114458084	0.035788842439651435
523	0.3635432720184326	0.389332114458084	0.035788842439651435
524	0.3635432720184326	0.389332114458084	0.035788842439651435
525	0.3635432720184326	0.389332114458084	0.035788842439651435
526	0.3635432720184326	0.389332114458084	0.035788842439651435
527	0.3635432720184326	0.389332114458084	0.035788842439651435
528	0.3635432720184326	0.389332114458084	0.035788842439651435
529	0.3635432720184326	0.389332114458084	0.035788842439651435
530	0.3635432720184326	0.389332114458084	0.035788842439651435
531	0.3635432720184326	0.389332114458084	0.035788842439651435
532	0.36354371905326843	0.38933256149291984	0.035788842439651435
533	0.3623902499675751	0.38933357119560236	0.036943321228027286
534	0.36296823620796204	0.3893343180418014	0.03636608183383936
535	0.3652779459953308	0.3893350702524185	0.03405712425708766
536	0.3647013008594513	0.3893356645107269	0.03463436365127558
537	0.3647013008594513	0.3893356645107269	0.03463436365127558
538	0.3647013008594513	0.3893356645107269	0.03463436365127558
539	0.3647013008594513	0.3893356645107269	0.03463436365127558
540	0.3647013008594513	0.3893356645107269	0.03463436365127558
541	0.3647013008594513	0.3893356645107269	0.03463436365127558
542	0.3647013008594513	0.3893356645107269	0.03463436365127558
543	0.3647013008594513	0.3893356645107269	0.03463436365127558
544	0.3647013008594513	0.3893356645107269	0.03463436365127558
545	0.3647013008594513	0.3893356645107269	0.03463436365127558
546	0.3647013008594513	0.3893356645107269	0.03463436365127558
547	0.3647013008594513	0.3893356645107269	0.03463436365127558
548	0.3647013008594513	0.3893356645107269	0.03463436365127558
549	0.3647013008594513	0.3893356645107269	0.03463436365127558
550	0.3647013008594513	0.3893356645107269	0.03463436365127558
551	0.3647013008594513	0.3893356645107269	0.03463436365127558
552	0.3647013008594513	0.3893356645107269	0.03463436365127558
553	0.3647013008594513	0.3893356645107269	0.03463436365127558
554	0.3647013008594513	0.3893356645107269	0.03463436365127558
555	0.3647013008594513	0.3893356645107269	0.03463436365127558
556	0.3635473847389221	0.3893362271785735	0.035788842439651435
557	0.363547682762146	0.3893365252017974	0.035788842439651435
558	0.36470234394073486	0.38933670759201044	0.03463436365127558
559	0.36470240354537964	0.3893367671966552	0.03463436365127558
560	0.3629709780216217	0.3893370598554611	0.03636608183383936
561	0.36528098583221436	0.389338110089302	0.03405712425708766
562	0.3647037744522095	0.38933813810348505	0.03463436365127558
563	0.36643633246421814	0.38933897793292993	0.03290264546871181
564	0.3658600151538849	0.3893399000167846	0.03347988486289973
565	0.3652830719947815	0.38934019625186916	0.03405712425708766
566	0.3629745841026306	0.38934066593647	0.03636608183383936
567	0.3623978793621063	0.3893412005901336	0.036943321228027286
568	0.36355262994766235	0.38934147238731376	0.035788842439651435
569	0.3681720197200775	0.3893429470062255	0.031170927286148026
570	0.3681720197200775	0.3893429470062255	0.031170927286148026
571	0.3681720197200775	0.3893429470062255	0.031170927286148026
572	0.3681720197200775	0.3893429470062255	0.031170927286148026
573	0.3681720197200775	0.3893429470062255	0.031170927286148026
574	0.3681720197200775	0.3893429470062255	0.031170927286148026
575	0.3681720197200775	0.3893429470062255	0.031170927286148026
576	0.3681720197200775	0.3893429470062255	0.031170927286148026
577	0.3681720197200775	0.3893429470062255	0.031170927286148026
578	0.3681720197200775	0.3893429470062255	0.031170927286148026
579	0.3681720197200775	0.3893429470062255	0.031170927286148026
580	0.3681720197200775	0.3893429470062255	0.031170927286148026
581	0.3681720197200775	0.3893429470062255	0.031170927286148026
582	0.3681720197200775	0.3893429470062255	0.031170927286148026
583	0.3681720197200775	0.3893429470062255	0.031170927286148026
584	0.3681720197200775	0.3893429470062255	0.031170927286148026
585	0.3681720197200775	0.3893429470062255	0.031170927286148026
586	0.3681720197200775	0.3893429470062255	0.031170927286148026
587	0.3681720197200775	0.3893429470062255	0.031170927286148026
588	0.3681720197200775	0.3893429470062255	0.031170927286148026
589	0.36817243695259094	0.38934336423873894	0.031170927286148026
590	0.36817386746406555	0.38934479475021355	0.031170927286148026
591	0.364133358001709	0.3893449610471725	0.03521160304546351
592	0.36471089720726013	0.3893452608585357	0.03463436365127558
593	0.36297935247421265	0.389345434308052	0.03636608183383936
594	0.3647111654281616	0.3893455290794372	0.03463436365127558
595	0.36297956109046936	0.38934564292430873	0.03636608183383936
596	0.36297956109046936	0.38934564292430873	0.03636608183383936
597	0.36297956109046936	0.38934564292430873	0.03636608183383936
598	0.36297956109046936	0.38934564292430873	0.03636608183383936
599	0.36297956109046936	0.38934564292430873	0.03636608183383936
600	0.36297956109046936	0.38934564292430873	0.03636608183383936
601	0.36297956109046936	0.38934564292430873	0.03636608183383936
602	0.36297956109046936	0.38934564292430873	0.03636608183383936
603	0.36297956109046936	0.38934564292430873	0.03636608183383936
604	0.36297956109046936	0.38934564292430873	0.03636608183383936
605	0.36297956109046936	0.38934564292430873	0.03636608183383936
606	0.36297956109046936	0.38934564292430873	0.03636608183383936
607	0.36297956109046936	0.38934564292430873	0.03636608183383936
608	0.36297956109046936	0.38934564292430873	0.03636608183383936
609	0.36297956109046936	0.38934564292430873	0.03636608183383936
610	0.36297956109046936	0.38934564292430873	0.03636608183383936
611	0.36297956109046936	0.38934564292430873	0.03636608183383936
612	0.36297956109046936	0.38934564292430873	0.03636608183383936
613	0.36297956109046936	0.38934564292430873	0.03636608183383936
614	0.36297956109046936	0.38934564292430873	0.03636608183383936
615	0.36528855562210083	0.3893456798791885	0.03405712425708766
616	0.3645494878292084	0.38918385148048396	0.03463436365127558
617	0.3646748960018158	0.3893092596530914	0.03463436365127558
618	0.3606714606285095	0.3893465000391006	0.03867503941059106
619	0.3687533736228943	0.3893470615148544	0.0305936878919601
620	0.36811262369155884	0.38928355097770684	0.031170927286148026
621	0.363558292388916	0.3893471348285674	0.035788842439651435
622	0.36586761474609375	0.38934749960899345	0.03347988486289973
623	0.36529064178466797	0.38934776604175564	0.03405712425708766
624	0.36644721031188965	0.38934985578060144	0.03290264546871181
625	0.36356115341186523	0.38934999585151664	0.035788842439651435
626	0.36817964911460876	0.38935057640075676	0.031170927286148026
627	0.3635620176792145	0.3893508601188659	0.035788842439651435
628	0.36529430747032166	0.3893514317274093	0.03405712425708766
629	0.36644914746284485	0.38935179293155664	0.03290264546871181
630	0.36587193608283997	0.38935182094573967	0.03347988486289973
631	0.36298665404319763	0.389352735877037	0.03636608183383936
632	0.36645081639289856	0.38935346186161035	0.03290264546871181
633	0.3647197484970093	0.38935411214828486	0.03463436365127558
634	0.3681841790676117	0.3893551063537597	0.031170927286148026
635	0.36529839038848877	0.38935551464557644	0.03405712425708766
636	0.36703014373779297	0.38935554981231685	0.03232540607452388
637	0.3629896640777588	0.38935574591159816	0.03636608183383936
638	0.36472222208976746	0.38935658574104304	0.03463436365127558
639	0.3658774197101593	0.389357304573059	0.03347988486289973
640	0.3658774197101593	0.389357304573059	0.03347988486289973
641	0.3658774197101593	0.389357304573059	0.03347988486289973
642	0.3658774197101593	0.389357304573059	0.03347988486289973
643	0.3658774197101593	0.389357304573059	0.03347988486289973
644	0.3658774197101593	0.389357304573059	0.03347988486289973
645	0.3658774197101593	0.389357304573059	0.03347988486289973
646	0.3658774197101593	0.389357304573059	0.03347988486289973
647	0.3658774197101593	0.389357304573059	0.03347988486289973
648	0.3658774197101593	0.389357304573059	0.03347988486289973
649	0.3658774197101593	0.389357304573059	0.03347988486289973
650	0.3658774197101593	0.389357304573059	0.03347988486289973
651	0.3658774197101593	0.389357304573059	0.03347988486289973
652	0.3658774197101593	0.389357304573059	0.03347988486289973
653	0.3658774197101593	0.389357304573059	0.03347988486289973
654	0.3658774197101593	0.389357304573059	0.03347988486289973
655	0.3658774197101593	0.389357304573059	0.03347988486289973
656	0.3658774197101593	0.389357304573059	0.03347988486289973
657	0.3658774197101593	0.389357304573059	0.03347988486289973
658	0.3658774197101593	0.389357304573059	0.03347988486289973
659	0.36356937885284424	0.38935822129249564	0.035788842439651435
660	0.3641468286514282	0.3893584316968917	0.03521160304546351
661	0.3664562702178955	0.3893589156866073	0.03290264546871181
662	0.36357197165489197	0.3893608140945434	0.035788842439651435
663	0.363572359085083	0.3893612015247344	0.035788842439651435
664	0.36819177865982056	0.38936270594596856	0.031170927286148026
665	0.3629973828792572	0.3893634647130966	0.03636608183383936
666	0.3623877465724945	0.3893310678005218	0.036943321228027286
667	0.3618418276309967	0.3893623882532119	0.03752056062221521
668	0.36876988410949707	0.38936357200145716	0.0305936878919601
669	0.36472976207733154	0.3893641257286071	0.03463436365127558
670	0.364730566740036	0.3893649303913116	0.03463436365127558
671	0.36588507890701294	0.38936496376991264	0.03347988486289973
672	0.3641548752784729	0.3893664783239364	0.03521160304546351
673	0.3664645254611969	0.3893671709299087	0.03290264546871181
674	0.36819779872894287	0.38936872601509087	0.031170927286148026
675	0.36738121509552	0.389129381775856	0.031748166680335956
676	0.3674584925174713	0.3892066591978073	0.031748166680335956
677	0.36242565512657166	0.38936897635459894	0.036943321228027286
678	0.36589017510414124	0.38937005996704094	0.03347988486289973
679	0.36527135968208313	0.3893284839391708	0.03405712425708766
680	0.364610880613327	0.3892452442646026	0.03463436365127558
681	0.3640304207801819	0.3892420238256454	0.03521160304546351
682	0.36352500319480896	0.38931384563446036	0.035788842439651435
683	0.3630070686340332	0.3893731504678726	0.03636608183383936
684	0.3664712607860565	0.3893739062547683	0.03290264546871181
685	0.36589452624320984	0.38937441110610954	0.03347988486289973
686	0.3670491874217987	0.3893745934963226	0.03232540607452388
687	0.3630085587501526	0.38937464058399196	0.03636608183383936
688	0.3687819242477417	0.3893756121397018	0.0305936878919601
689	0.3641650080680847	0.3893766111135482	0.03521160304546351
690	0.3670524060726166	0.38937781214714046	0.03232540607452388
691	0.3630126118659973	0.3893786936998367	0.03636608183383936
692	0.3658992052078247	0.3893790900707244	0.03347988486289973
693	0.36820900440216064	0.38937993168830864	0.031170927286148026
694	0.36301425099372864	0.389380332827568	0.03636608183383936
695	0.3630152940750122	0.3893813759088516	0.03636608183383936
696	0.36243829131126404	0.3893816125392913	0.036943321228027286
697	0.36705702543258667	0.38938243150711055	0.03232540607452388
698	0.3641718327999115	0.389383435845375	0.03521160304546351
699	0.3641722500324249	0.3893838530778884	0.03521160304546351
700	0.3641722500324249	0.3893838530778884	0.03521160304546351
701	0.3641722500324249	0.3893838530778884	0.03521160304546351
702	0.3641722500324249	0.3893838530778884	0.03521160304546351
703	0.3641722500324249	0.3893838530778884	0.03521160304546351
704	0.3641722500324249	0.3893838530778884	0.03521160304546351
705	0.3641722500324249	0.3893838530778884	0.03521160304546351
706	0.3641722500324249	0.3893838530778884	0.03521160304546351
707	0.3641722500324249	0.3893838530778884	0.03521160304546351
708	0.3641722500324249	0.3893838530778884	0.03521160304546351
709	0.3641722500324249	0.3893838530778884	0.03521160304546351
710	0.3641722500324249	0.3893838530778884	0.03521160304546351
711	0.3641722500324249	0.3893838530778884	0.03521160304546351
712	0.3641722500324249	0.3893838530778884	0.03521160304546351
713	0.3641722500324249	0.3893838530778884	0.03521160304546351
714	0.3641722500324249	0.3893838530778884	0.03521160304546351
715	0.3641722500324249	0.3893838530778884	0.03521160304546351
716	0.3641722500324249	0.3893838530778884	0.03521160304546351
717	0.3641722500324249	0.3893838530778884	0.03521160304546351
718	0.3641722500324249	0.3893838530778884	0.03521160304546351
719	0.3670586049556732	0.3893840110301971	0.03232540607452388
720	0.3670586049556732	0.3893840110301971	0.03232540607452388
721	0.3670586049556732	0.3893840110301971	0.03232540607452388
722	0.3670586049556732	0.3893840110301971	0.03232540607452388
723	0.3670586049556732	0.3893840110301971	0.03232540607452388
724	0.3670586049556732	0.3893840110301971	0.03232540607452388
725	0.3670586049556732	0.3893840110301971	0.03232540607452388
726	0.3670586049556732	0.3893840110301971	0.03232540607452388
727	0.3670586049556732	0.3893840110301971	0.03232540607452388
728	0.3670586049556732	0.3893840110301971	0.03232540607452388
729	0.3670586049556732	0.3893840110301971	0.03232540607452388
730	0.3670586049556732	0.3893840110301971	0.03232540607452388
731	0.3670586049556732	0.3893840110301971	0.03232540607452388
732	0.3670586049556732	0.3893840110301971	0.03232540607452388
733	0.3670586049556732	0.3893840110301971	0.03232540607452388
734	0.3670586049556732	0.3893840110301971	0.03232540607452388
735	0.3670586049556732	0.3893840110301971	0.03232540607452388
736	0.3670586049556732	0.3893840110301971	0.03232540607452388
737	0.3670586049556732	0.3893840110301971	0.03232540607452388
738	0.3670586049556732	0.3893840110301971	0.03232540607452388
739	0.3670586347579956	0.3893840408325195	0.03232540607452388
740	0.36532700061798096	0.3893841248750686	0.03405712425708766
741	0.36821380257606506	0.38938472986221306	0.031170927286148026
742	0.3641732931137085	0.389384896159172	0.03521160304546351
743	0.36417335271835327	0.38938495576381676	0.03521160304546351
744	0.3670605421066284	0.3893859481811523	0.03232540607452388
745	0.3647518455982208	0.3893862092494964	0.03463436365127558
746	0.3624435365200043	0.38938685774803156	0.036943321228027286
747	0.36763882637023926	0.3893869930505752	0.031748166680335956
748	0.36590713262557983	0.38938701748847954	0.03347988486289973
749	0.36648479104042053	0.3893874365091323	0.03290264546871181
750	0.3670623004436493	0.38938770651817317	0.03232540607452388
751	0.36244478821754456	0.38938810944557184	0.036943321228027286
752	0.3641769289970398	0.3893885320425033	0.03521160304546351
753	0.36764055490493774	0.3893887215852737	0.031748166680335956
754	0.365331768989563	0.38938889324665066	0.03405712425708766
755	0.36302369832992554	0.3893897801637649	0.03636608183383936
756	0.36591002345085144	0.38938990831375114	0.03347988486289973
757	0.3664872646331787	0.3893899101018905	0.03290264546871181
758	0.3670656979084015	0.38939110398292537	0.03232540607452388
759	0.36591261625289917	0.3893925011157989	0.03347988486289973
760	0.3664902448654175	0.38939289033412927	0.03290264546871181
761	0.36418184638023376	0.38939344942569726	0.03521160304546351
762	0.3641820549964905	0.38939365804195397	0.03521160304546351
763	0.3624504506587982	0.3893937718868255	0.036943321228027286
764	0.36187365651130676	0.38939421713352196	0.03752056062221521
765	0.3670695126056671	0.389394918680191	0.03232540607452388
766	0.36649268865585327	0.38939533412456506	0.03290264546871181
767	0.37053343653678894	0.38939540624618524	0.028861969709396324
768	0.3664929270744324	0.38939557254314416	0.03290264546871181
769	0.36707034707069397	0.38939575314521785	0.03232540607452388
770	0.36360812187194824	0.38939696431159965	0.035788842439651435
771	0.3641866147518158	0.3893982177972793	0.03521160304546351
772	0.3664969503879547	0.3893995958566665	0.03290264546871181
773	0.36130180954933167	0.38939960956573477	0.03809780001640314
774	0.3659198582172394	0.3893997430801391	0.03347988486289973
775	0.36361196637153625	0.38940080881118766	0.035788842439651435
776	0.3670761287212372	0.38940153479576106	0.03232540607452388
777	0.3647674024105072	0.3894017660617828	0.03463436365127558
778	0.3641907274723053	0.3894023305177688	0.03521160304546351
779	0.36592260003089905	0.38940248489379875	0.03347988486289973
780	0.3624599277973175	0.3894032490253448	0.036943321228027286
781	0.36534684896469116	0.38940397322177883	0.03405712425708766
782	0.3618851900100708	0.389405750632286	0.03752056062221521
783	0.36477214097976685	0.3894065046310424	0.03463436365127558
784	0.363041490316391	0.38940757215023036	0.03636608183383936
785	0.36361974477767944	0.38940858721733085	0.035788842439651435
786	0.36881503462791443	0.3894087225198745	0.0305936878919601
787	0.3659296929836273	0.389409577846527	0.03347988486289973
788	0.362466961145401	0.3894102823734283	0.036943321228027286
789	0.3659304976463318	0.3894103825092315	0.03347988486289973
790	0.36419934034347534	0.38941094338893883	0.03521160304546351
791	0.3636225759983063	0.3894114184379577	0.035788842439651435
792	0.36535513401031494	0.3894122582674026	0.03405712425708766
793	0.36246931552886963	0.3894126367568969	0.036943321228027286
794	0.36766472458839417	0.38941289126873013	0.031748166680335956
795	0.3642030358314514	0.3894146388769149	0.03521160304546351
796	0.3642032742500305	0.389414877295494	0.03521160304546351
797	0.36189574003219604	0.38941630065441124	0.03752056062221521
798	0.3647821545600891	0.3894165182113647	0.03463436365127558
799	0.36651429533958435	0.38941694080829614	0.03290264546871181
800	0.36651578545570374	0.3894184309244155	0.03290264546871181
801	0.36536192893981934	0.389419053196907	0.03405712425708766
802	0.3624759018421173	0.3894192230701446	0.036943321228027286
803	0.3642076849937439	0.3894192880392074	0.03521160304546351
804	0.36536282300949097	0.38941994726657864	0.03405712425708766
805	0.3676718473434448	0.3894200140237808	0.031748166680335956
806	0.36247721314430237	0.38942053437232965	0.036943321228027286
807	0.36247721314430237	0.38942053437232965	0.036943321228027286
808	0.36247721314430237	0.38942053437232965	0.036943321228027286
809	0.36247721314430237	0.38942053437232965	0.036943321228027286
810	0.36247721314430237	0.38942053437232965	0.036943321228027286
811	0.36247721314430237	0.38942053437232965	0.036943321228027286
812	0.36247721314430237	0.38942053437232965	0.036943321228027286
813	0.36247721314430237	0.38942053437232965	0.036943321228027286
814	0.36247721314430237	0.38942053437232965	0.036943321228027286
815	0.36247721314430237	0.38942053437232965	0.036943321228027286
816	0.36247721314430237	0.38942053437232965	0.036943321228027286
817	0.36247721314430237	0.38942053437232965	0.036943321228027286
818	0.36247721314430237	0.38942053437232965	0.036943321228027286
819	0.36247721314430237	0.38942053437232965	0.036943321228027286
820	0.36247721314430237	0.38942053437232965	0.036943321228027286
821	0.36247721314430237	0.38942053437232965	0.036943321228027286
822	0.36247721314430237	0.38942053437232965	0.036943321228027286
823	0.36247721314430237	0.38942053437232965	0.036943321228027286
824	0.36247721314430237	0.38942053437232965	0.036943321228027286
825	0.36247721314430237	0.38942053437232965	0.036943321228027286
826	0.3682502508163452	0.3894211781024932	0.031170927286148026
827	0.36363354325294495	0.38942238569259635	0.035788842439651435
828	0.360747754573822	0.3894227939844131	0.03867503941059106
829	0.3636340796947479	0.38942292213439933	0.035788842439651435
830	0.36652085185050964	0.38942349731922143	0.03290264546871181
831	0.3659440279006958	0.3894239127635955	0.03347988486289973
832	0.36536696553230286	0.3894240897893905	0.03405712425708766
833	0.36709898710250854	0.3894243931770324	0.03232540607452388
834	0.3682539761066437	0.3894249033927917	0.031170927286148026
835	0.36248332262039185	0.38942664384841913	0.036943321228027286
836	0.36594682931900024	0.38942671418189995	0.03347988486289973
837	0.3613291084766388	0.3894269084930419	0.03809780001640314
838	0.3688333034515381	0.3894269913434982	0.0305936878919601
839	0.3636381924152374	0.38942703485488883	0.035788842439651435
840	0.3688340187072754	0.3894277065992355	0.0305936878919601
841	0.3665255606174469	0.3894282060861587	0.03290264546871181
842	0.3636395335197449	0.3894283759593963	0.035788842439651435
843	0.3619082272052765	0.3894287878274917	0.03752056062221521
844	0.36537301540374756	0.38943013966083523	0.03405712425708766
845	0.3624871075153351	0.38943042874336237	0.036943321228027286
846	0.3659508526325226	0.3894307374954223	0.03347988486289973
847	0.36191099882125854	0.38943155944347374	0.03752056062221521
848	0.3630674481391907	0.38943352997303005	0.03636608183383936
849	0.367685467004776	0.38943363368511197	0.031748166680335956
850	0.3642221689224243	0.3894337719678878	0.03521160304546351
851	0.3630683422088623	0.3894344240427017	0.03636608183383936
852	0.3642241656780243	0.3894357687234878	0.03521160304546351
853	0.3642241656780243	0.3894357687234878	0.03521160304546351
854	0.3642241656780243	0.3894357687234878	0.03521160304546351
855	0.3642241656780243	0.3894357687234878	0.03521160304546351
856	0.3642241656780243	0.3894357687234878	0.03521160304546351
857	0.3642241656780243	0.3894357687234878	0.03521160304546351
858	0.3642241656780243	0.3894357687234878	0.03521160304546351
859	0.3642241656780243	0.3894357687234878	0.03521160304546351
860	0.3642241656780243	0.3894357687234878	0.03521160304546351
861	0.3642241656780243	0.3894357687234878	0.03521160304546351
862	0.3642241656780243	0.3894357687234878	0.03521160304546351
863	0.3642241656780243	0.3894357687234878	0.03521160304546351
864	0.3642241656780243	0.3894357687234878	0.03521160304546351
865	0.3642241656780243	0.3894357687234878	0.03521160304546351
866	0.3642241656780243	0.3894357687234878	0.03521160304546351
867	0.3642241656780243	0.3894357687234878	0.03521160304546351
868	0.3642241656780243	0.3894357687234878	0.03521160304546351
869	0.3642241656780243	0.3894357687234878	0.03521160304546351
870	0.3642241656780243	0.3894357687234878	0.03521160304546351
871	0.3642241656780243	0.3894357687234878	0.03521160304546351
872	0.3619155287742615	0.38943608939647667	0.03752056062221521
873	0.36653345823287964	0.38943610370159143	0.03290264546871181
874	0.3642246127128601	0.3894362157583236	0.03521160304546351
875	0.36711108684539795	0.38943649291992183	0.03232540607452388
876	0.36768874526023865	0.3894369119405746	0.031748166680335956
877	0.3670603632926941	0.38938576936721797	0.03232540607452388
878	0.3663841485977173	0.3892867940664291	0.03290264546871181
879	0.36578691005706787	0.3892667949199676	0.03347988486289973
880	0.36526358127593994	0.3893207055330276	0.03405712425708766
881	0.36588001251220703	0.38935989737510673	0.03347988486289973
882	0.3682667016983032	0.3894376289844512	0.031170927286148026
883	0.3659577965736389	0.3894376814365386	0.03347988486289973
884	0.36422625184059143	0.3894378548860549	0.03521160304546351
885	0.3648039996623993	0.3894383633136749	0.03463436365127558
886	0.36422696709632874	0.38943857014179223	0.03521160304546351
887	0.3642282783985138	0.3894398814439773	0.03521160304546351
888	0.36480712890625	0.3894414925575256	0.03463436365127558
889	0.3659617006778717	0.3894415855407714	0.03347988486289973
890	0.3624991476535797	0.389442468881607	0.036943321228027286
891	0.36654001474380493	0.3894426602125167	0.03290264546871181
892	0.3648093342781067	0.38944369792938227	0.03463436365127558
893	0.3625015914440155	0.3894449126720428	0.036943321228027286
894	0.36423352360725403	0.3894451266527175	0.03521160304546351
895	0.36654266715049744	0.3894453126192092	0.03290264546871181
896	0.3676978051662445	0.3894459718465805	0.031748166680335956
897	0.3676978051662445	0.3894459718465805	0.031748166680335956
898	0.3676978051662445	0.3894459718465805	0.031748166680335956
899	0.3676978051662445	0.3894459718465805	0.031748166680335956
900	0.3676978051662445	0.3894459718465805	0.031748166680335956
901	0.3676978051662445	0.3894459718465805	0.031748166680335956
902	0.3676978051662445	0.3894459718465805	0.031748166680335956
903	0.3676978051662445	0.3894459718465805	0.031748166680335956
904	0.3676978051662445	0.3894459718465805	0.031748166680335956
905	0.3676978051662445	0.3894459718465805	0.031748166680335956
906	0.3676978051662445	0.3894459718465805	0.031748166680335956
907	0.3676978051662445	0.3894459718465805	0.031748166680335956
908	0.3676978051662445	0.3894459718465805	0.031748166680335956
909	0.3676978051662445	0.3894459718465805	0.031748166680335956
910	0.3676978051662445	0.3894459718465805	0.031748166680335956
911	0.3676978051662445	0.3894459718465805	0.031748166680335956
912	0.3676978051662445	0.3894459718465805	0.031748166680335956
913	0.3676978051662445	0.3894459718465805	0.031748166680335956
914	0.3676978051662445	0.3894459718465805	0.031748166680335956
915	0.3676978051662445	0.3894459718465805	0.031748166680335956
916	0.3630799949169159	0.38944607675075527	0.03636608183383936
917	0.3659662902355194	0.3894461750984191	0.03347988486289973
918	0.3659670352935791	0.3894469201564788	0.03347988486289973
919	0.36654430627822876	0.38944695174694055	0.03290264546871181
920	0.36423584818840027	0.38944745123386376	0.03521160304546351
921	0.368276983499527	0.389447910785675	0.031170927286148026
922	0.368276983499527	0.389447910785675	0.031170927286148026
923	0.368276983499527	0.389447910785675	0.031170927286148026
924	0.368276983499527	0.389447910785675	0.031170927286148026
925	0.368276983499527	0.389447910785675	0.031170927286148026
926	0.368276983499527	0.389447910785675	0.031170927286148026
927	0.368276983499527	0.389447910785675	0.031170927286148026
928	0.368276983499527	0.389447910785675	0.031170927286148026
929	0.368276983499527	0.389447910785675	0.031170927286148026
930	0.368276983499527	0.389447910785675	0.031170927286148026
931	0.368276983499527	0.389447910785675	0.031170927286148026
932	0.368276983499527	0.389447910785675	0.031170927286148026
933	0.368276983499527	0.389447910785675	0.031170927286148026
934	0.368276983499527	0.389447910785675	0.031170927286148026
935	0.368276983499527	0.389447910785675	0.031170927286148026
936	0.368276983499527	0.389447910785675	0.031170927286148026
937	0.368276983499527	0.389447910785675	0.031170927286148026
938	0.368276983499527	0.389447910785675	0.031170927286148026
939	0.368276983499527	0.389447910785675	0.031170927286148026
940	0.368276983499527	0.389447910785675	0.031170927286148026
941	0.36135074496269226	0.38944854497909537	0.03809780001640314
942	0.3688550293445587	0.3894487172365188	0.0305936878919601
943	0.36481475830078125	0.38944912195205683	0.03463436365127558
944	0.36481475830078125	0.38944912195205683	0.03463436365127558
945	0.36308369040489197	0.38944977223873134	0.03636608183383936
946	0.36423882842063904	0.38945043146610253	0.03521160304546351
947	0.36366286873817444	0.38945171117782584	0.035788842439651435
948	0.36424168944358826	0.38945329248905175	0.03521160304546351
949	0.3613556921482086	0.3894534921646117	0.03809780001640314
950	0.36366498470306396	0.38945382714271537	0.035788842439651435
951	0.36828333139419556	0.38945425868034356	0.031170927286148026
952	0.3642428517341614	0.38945445477962487	0.03521160304546351
953	0.3636658191680908	0.3894546616077422	0.035788842439651435
954	0.363089919090271	0.38945600092411037	0.03636608183383936
955	0.36539891362190247	0.38945603787899014	0.03405712425708766
956	0.3625132143497467	0.389456535577774	0.036943321228027286
957	0.3659772276878357	0.3894571125507354	0.03347988486289973
958	0.3659772276878357	0.3894571125507354	0.03347988486289973
959	0.3659772276878357	0.3894571125507354	0.03347988486289973
960	0.3659772276878357	0.3894571125507354	0.03347988486289973
961	0.3659772276878357	0.3894571125507354	0.03347988486289973
962	0.3659772276878357	0.3894571125507354	0.03347988486289973
963	0.3659772276878357	0.3894571125507354	0.03347988486289973
964	0.3659772276878357	0.3894571125507354	0.03347988486289973
965	0.3659772276878357	0.3894571125507354	0.03347988486289973
966	0.3659772276878357	0.3894571125507354	0.03347988486289973
967	0.3659772276878357	0.3894571125507354	0.03347988486289973
968	0.3659772276878357	0.3894571125507354	0.03347988486289973
969	0.3659772276878357	0.3894571125507354	0.03347988486289973
970	0.3659772276878357	0.3894571125507354	0.03347988486289973
971	0.3659772276878357	0.3894571125507354	0.03347988486289973
972	0.3659772276878357	0.3894571125507354	0.03347988486289973
973	0.3659772276878357	0.3894571125507354	0.03347988486289973
974	0.3659772276878357	0.3894571125507354	0.03347988486289973
975	0.3659772276878357	0.3894571125507354	0.03347988486289973
976	0.3659772276878357	0.3894571125507354	0.03347988486289973
977	0.3648233115673065	0.3894576752185821	0.03463436365127558
978	0.3641442060470581	0.3893558090925216	0.03521160304546351
979	0.3636692464351654	0.3894580888748168	0.035788842439651435
980	0.3636692464351654	0.3894580888748168	0.035788842439651435
981	0.3636692464351654	0.3894580888748168	0.035788842439651435
982	0.3636692464351654	0.3894580888748168	0.035788842439651435
983	0.3636692464351654	0.3894580888748168	0.035788842439651435
984	0.3636692464351654	0.3894580888748168	0.035788842439651435
985	0.3636692464351654	0.3894580888748168	0.035788842439651435
986	0.3636692464351654	0.3894580888748168	0.035788842439651435
987	0.3636692464351654	0.3894580888748168	0.035788842439651435
988	0.3636692464351654	0.3894580888748168	0.035788842439651435
989	0.3636692464351654	0.3894580888748168	0.035788842439651435
990	0.3636692464351654	0.3894580888748168	0.035788842439651435
991	0.3636692464351654	0.3894580888748168	0.035788842439651435
992	0.3636692464351654	0.3894580888748168	0.035788842439651435
993	0.3636692464351654	0.3894580888748168	0.035788842439651435
994	0.3636692464351654	0.3894580888748168	0.035788842439651435
995	0.3636692464351654	0.3894580888748168	0.035788842439651435
996	0.3636692464351654	0.3894580888748168	0.035788842439651435
997	0.3636692464351654	0.3894580888748168	0.035788842439651435
998	0.3636692464351654	0.3894580888748168	0.035788842439651435
999	0.3630920946598053	0.38945817649364467	0.03636608183383936
1000	0.3659786283969879	0.3894585132598876	0.03347988486289973

Best Loss: 0.3606714606285095

Training Times (seconds): [142.104754629]
