Iteration	Loss (h + target_loss)	Total Cost (f)	Cost g
1	0.617404580116272	0.607404580116272	0
2	0.5769375562667847	0.5675549608469009	0.000617404580116272
3	0.5628491044044495	0.554083913564682	0.001234809160232544
4	0.5384232401847839	0.5302754539251328	0.0018522137403488158
5	0.5184946656227112	0.5109642839431763	0.002469618320465088
6	0.5105554461479187	0.5036424690485001	0.00308702290058136
7	0.5001055002212524	0.4938099277019501	0.003704427480697632
8	0.48788982629776	0.4822116583585739	0.004321832060813904
9	0.4773557782173157	0.4722950148582458	0.004939236640930176
10	0.4689401686191559	0.4644968098402023	0.005556641221046448
11	0.46264854073524475	0.45882258653640745	0.00617404580116272
12	0.45845288038253784	0.4552443307638168	0.006791450381278992
13	0.45629504323005676	0.453703898191452	0.007408854961395264
14	0.4540848433971405	0.45211110293865203	0.008026259541511536
15	0.4516734778881073	0.4503171420097351	0.008643664121627807
16	0.45011237263679504	0.4493734413385391	0.009261068701744079
17	0.4472675621509552	0.44714603543281556	0.00987847328186035
18	0.4419569671154022	0.44245284497737886	0.010495877861976621
19	0.4339626133441925	0.43507589578628536	0.011113282442092892
20	0.4293251037597656	0.43105579078197476	0.011730687022209163
21	0.42538926005363464	0.42773735165596005	0.012348091602325435
22	0.4200860559940338	0.4230515521764755	0.012965496182441706
23	0.4144507050514221	0.4180336058139801	0.013582900762557977
24	0.40957561135292053	0.41377591669559477	0.014200305342674248
25	0.40566009283065796	0.4104778027534485	0.01481770992279052
26	0.402585506439209	0.4080206209421158	0.01543511450290679
27	0.4002389907836914	0.4062915098667145	0.016052519083023062
28	0.39851585030555725	0.4051857739686966	0.016669923663139335
29	0.39732152223587036	0.404608850479126	0.017287328243255608
30	0.3961437940597534	0.4040485268831253	0.01790473282337188
31	0.3951725363731384	0.4036946737766266	0.018522137403488154
32	0.39459988474845886	0.40373942673206326	0.019139541983604427
33	0.3937439024448395	0.40350084900856015	0.0197569465637207
34	0.3927367031574249	0.4031110543012619	0.020374351143836972
35	0.39206159114837646	0.4030533468723297	0.020991755723953245
36	0.39167046546936035	0.40327962577342985	0.02160916030406952
37	0.3912719786167145	0.40349854350090025	0.02222656488418579
38	0.39039450883865356	0.4032384783029556	0.022843969464302064
39	0.38976922631263733	0.40323060035705566	0.023461374044418337
40	0.3893637955188751	0.4034425741434097	0.02407877862453461
41	0.39199209213256836	0.40360125243663786	0.02160916030406952
42	0.39142054319381714	0.4036471080780029	0.02222656488418579
43	0.39075812697410583	0.4036020964384079	0.022843969464302064
44	0.3920433819293976	0.4036525422334671	0.02160916030406952
45	0.39266112446784973	0.40365288019180295	0.020991755723953245
46	0.3920558989048004	0.4036650592088699	0.02160916030406952
47	0.39140039682388306	0.40362696170806883	0.02222656488418579
48	0.39206159114837646	0.40367075145244596	0.02160916030406952
49	0.39206159114837646	0.40367075145244596	0.02160916030406952
50	0.39206159114837646	0.40367075145244596	0.02160916030406952
51	0.39206159114837646	0.40367075145244596	0.02160916030406952
52	0.39206159114837646	0.40367075145244596	0.02160916030406952
53	0.39206159114837646	0.40367075145244596	0.02160916030406952
54	0.39206159114837646	0.40367075145244596	0.02160916030406952
55	0.39206159114837646	0.40367075145244596	0.02160916030406952
56	0.39206159114837646	0.40367075145244596	0.02160916030406952
57	0.39206159114837646	0.40367075145244596	0.02160916030406952
58	0.39206159114837646	0.40367075145244596	0.02160916030406952
59	0.39206159114837646	0.40367075145244596	0.02160916030406952
60	0.39206159114837646	0.40367075145244596	0.02160916030406952
61	0.39206159114837646	0.40367075145244596	0.02160916030406952
62	0.39206159114837646	0.40367075145244596	0.02160916030406952
63	0.39206159114837646	0.40367075145244596	0.02160916030406952
64	0.39206159114837646	0.40367075145244596	0.02160916030406952
65	0.39206159114837646	0.40367075145244596	0.02160916030406952
66	0.39206159114837646	0.40367075145244596	0.02160916030406952
67	0.39206159114837646	0.40367075145244596	0.02160916030406952
68	0.39206159114837646	0.40367075145244596	0.02160916030406952
69	0.39206159114837646	0.40367075145244596	0.02160916030406952
70	0.39206159114837646	0.40367075145244596	0.02160916030406952
71	0.39206159114837646	0.40367075145244596	0.02160916030406952
72	0.39206159114837646	0.40367075145244596	0.02160916030406952
73	0.39206159114837646	0.40367075145244596	0.02160916030406952
74	0.39206159114837646	0.40367075145244596	0.02160916030406952
75	0.39206159114837646	0.40367075145244596	0.02160916030406952
76	0.39206159114837646	0.40367075145244596	0.02160916030406952
77	0.39206159114837646	0.40367075145244596	0.02160916030406952
78	0.39206159114837646	0.40367075145244596	0.02160916030406952
79	0.39206159114837646	0.40367075145244596	0.02160916030406952
80	0.39206159114837646	0.40367075145244596	0.02160916030406952
81	0.39206159114837646	0.40367075145244596	0.02160916030406952
82	0.39126133918762207	0.40348790407180785	0.02222656488418579
83	0.39206159114837646	0.40367075145244596	0.02160916030406952
84	0.39206159114837646	0.40367075145244596	0.02160916030406952
85	0.39206159114837646	0.40367075145244596	0.02160916030406952
86	0.39206159114837646	0.40367075145244596	0.02160916030406952
87	0.39206159114837646	0.40367075145244596	0.02160916030406952
88	0.39206159114837646	0.40367075145244596	0.02160916030406952
89	0.3908597230911255	0.40370369255542754	0.022843969464302064
90	0.39271676540374756	0.4037085211277008	0.020991755723953245
91	0.3927367031574249	0.40372845888137815	0.020991755723953245
92	0.3927367031574249	0.40372845888137815	0.020991755723953245
93	0.3927367031574249	0.40372845888137815	0.020991755723953245
94	0.3927367031574249	0.40372845888137815	0.020991755723953245
95	0.3927367031574249	0.40372845888137815	0.020991755723953245
96	0.3927367031574249	0.40372845888137815	0.020991755723953245
97	0.3927367031574249	0.40372845888137815	0.020991755723953245
98	0.3927367031574249	0.40372845888137815	0.020991755723953245
99	0.3927367031574249	0.40372845888137815	0.020991755723953245
100	0.3927367031574249	0.40372845888137815	0.020991755723953245
101	0.3927367031574249	0.40372845888137815	0.020991755723953245
102	0.3927367031574249	0.40372845888137815	0.020991755723953245
103	0.3927367031574249	0.40372845888137815	0.020991755723953245
104	0.3927367031574249	0.40372845888137815	0.020991755723953245
105	0.3927367031574249	0.40372845888137815	0.020991755723953245
106	0.3927367031574249	0.40372845888137815	0.020991755723953245
107	0.3927367031574249	0.40372845888137815	0.020991755723953245
108	0.39195504784584045	0.40356420814990995	0.02160916030406952
109	0.3927367031574249	0.40372845888137815	0.020991755723953245
110	0.3927367031574249	0.40372845888137815	0.020991755723953245
111	0.3927367031574249	0.40372845888137815	0.020991755723953245
112	0.3927367031574249	0.40372845888137815	0.020991755723953245
113	0.3927367031574249	0.40372845888137815	0.020991755723953245
114	0.3927367031574249	0.40372845888137815	0.020991755723953245
115	0.3927367031574249	0.40372845888137815	0.020991755723953245
116	0.3927367031574249	0.40372845888137815	0.020991755723953245
117	0.3927367031574249	0.40372845888137815	0.020991755723953245
118	0.3927367031574249	0.40372845888137815	0.020991755723953245
119	0.3927367031574249	0.40372845888137815	0.020991755723953245
120	0.3927367031574249	0.40372845888137815	0.020991755723953245
121	0.3927367031574249	0.40372845888137815	0.020991755723953245
122	0.3927367031574249	0.40372845888137815	0.020991755723953245
123	0.3927367031574249	0.40372845888137815	0.020991755723953245
124	0.3927367031574249	0.40372845888137815	0.020991755723953245
125	0.3927367031574249	0.40372845888137815	0.020991755723953245
126	0.3927367031574249	0.40372845888137815	0.020991755723953245
127	0.3927367031574249	0.40372845888137815	0.020991755723953245
128	0.3927367031574249	0.40372845888137815	0.020991755723953245
129	0.3927367031574249	0.40372845888137815	0.020991755723953245
130	0.3927367031574249	0.40372845888137815	0.020991755723953245
131	0.3927367031574249	0.40372845888137815	0.020991755723953245
132	0.3908883333206177	0.4037323027849197	0.022843969464302064
133	0.39151427149772644	0.4037408363819122	0.02222656488418579
134	0.3915213942527771	0.4037479591369629	0.02222656488418579
135	0.38970187306404114	0.40378065168857574	0.02407877862453461
136	0.39032182097435	0.4037831950187683	0.023461374044418337
137	0.3915594220161438	0.4037859869003296	0.02222656488418579
138	0.3897314667701721	0.4038102453947067	0.02407877862453461
139	0.3890749216079712	0.4037711048126221	0.024696183204650883
140	0.38848498463630676	0.4037985724210739	0.025313587784767156
141	0.3922075927257538	0.4038167530298233	0.02160916030406952
142	0.3915923237800598	0.4038188886642456	0.02222656488418579
143	0.3897516131401062	0.4038303917646408	0.02407877862453461
144	0.39160698652267456	0.40383355140686034	0.02222656488418579
145	0.3903754949569702	0.40383686900138854	0.023461374044418337
146	0.3891429305076599	0.4038391137123108	0.024696183204650883
147	0.39223435521125793	0.40384351551532743	0.02160916030406952
148	0.38914987444877625	0.4038460576534271	0.024696183204650883
149	0.38976922631263733	0.40384800493717193	0.02407877862453461
150	0.38976922631263733	0.40384800493717193	0.02407877862453461
151	0.38976922631263733	0.40384800493717193	0.02407877862453461
152	0.38976922631263733	0.40384800493717193	0.02407877862453461
153	0.38976922631263733	0.40384800493717193	0.02407877862453461
154	0.38976922631263733	0.40384800493717193	0.02407877862453461
155	0.38976922631263733	0.40384800493717193	0.02407877862453461
156	0.38976922631263733	0.40384800493717193	0.02407877862453461
157	0.38976922631263733	0.40384800493717193	0.02407877862453461
158	0.38976922631263733	0.40384800493717193	0.02407877862453461
159	0.38976922631263733	0.40384800493717193	0.02407877862453461
160	0.38976922631263733	0.40384800493717193	0.02407877862453461
161	0.38976922631263733	0.40384800493717193	0.02407877862453461
162	0.38976922631263733	0.40384800493717193	0.02407877862453461
163	0.38976922631263733	0.40384800493717193	0.02407877862453461
164	0.38976922631263733	0.40384800493717193	0.02407877862453461
165	0.38976922631263733	0.40384800493717193	0.02407877862453461
166	0.38976922631263733	0.40384800493717193	0.02407877862453461
167	0.38976922631263733	0.40384800493717193	0.02407877862453461
168	0.38976922631263733	0.40384800493717193	0.02407877862453461
169	0.38976922631263733	0.40384800493717193	0.02407877862453461
170	0.38976922631263733	0.40384800493717193	0.02407877862453461
171	0.38976922631263733	0.40384800493717193	0.02407877862453461
172	0.38976922631263733	0.40384800493717193	0.02407877862453461
173	0.38976922631263733	0.40384800493717193	0.02407877862453461
174	0.38976922631263733	0.40384800493717193	0.02407877862453461
175	0.38976922631263733	0.40384800493717193	0.02407877862453461
176	0.38976922631263733	0.40384800493717193	0.02407877862453461
177	0.38976922631263733	0.40384800493717193	0.02407877862453461
178	0.38976922631263733	0.40384800493717193	0.02407877862453461
179	0.38897210359573364	0.4036682868003845	0.024696183204650883
180	0.38976922631263733	0.40384800493717193	0.02407877862453461
181	0.38976922631263733	0.40384800493717193	0.02407877862453461
182	0.38976922631263733	0.40384800493717193	0.02407877862453461
183	0.38976922631263733	0.40384800493717193	0.02407877862453461
184	0.38976922631263733	0.40384800493717193	0.02407877862453461
185	0.38976922631263733	0.40384800493717193	0.02407877862453461
186	0.38976922631263733	0.40384800493717193	0.02407877862453461
187	0.38976922631263733	0.40384800493717193	0.02407877862453461
188	0.38976922631263733	0.40384800493717193	0.02407877862453461
189	0.38976922631263733	0.40384800493717193	0.02407877862453461
190	0.39039450883865356	0.4038558828830719	0.023461374044418337
191	0.39039450883865356	0.4038558828830719	0.023461374044418337
192	0.39039450883865356	0.4038558828830719	0.023461374044418337
193	0.39039450883865356	0.4038558828830719	0.023461374044418337
194	0.39039450883865356	0.4038558828830719	0.023461374044418337
195	0.39039450883865356	0.4038558828830719	0.023461374044418337
196	0.39039450883865356	0.4038558828830719	0.023461374044418337
197	0.39039450883865356	0.4038558828830719	0.023461374044418337
198	0.39039450883865356	0.4038558828830719	0.023461374044418337
199	0.39039450883865356	0.4038558828830719	0.023461374044418337
200	0.39039450883865356	0.4038558828830719	0.023461374044418337
201	0.39039450883865356	0.4038558828830719	0.023461374044418337
202	0.39039450883865356	0.4038558828830719	0.023461374044418337
203	0.39039450883865356	0.4038558828830719	0.023461374044418337
204	0.39039450883865356	0.4038558828830719	0.023461374044418337
205	0.39039450883865356	0.4038558828830719	0.023461374044418337
206	0.39039450883865356	0.4038558828830719	0.023461374044418337
207	0.39039450883865356	0.4038558828830719	0.023461374044418337
208	0.39039450883865356	0.4038558828830719	0.023461374044418337
209	0.39039450883865356	0.4038558828830719	0.023461374044418337
210	0.38961169123649597	0.4036904698610306	0.02407877862453461
211	0.39039450883865356	0.4038558828830719	0.023461374044418337
212	0.39039450883865356	0.4038558828830719	0.023461374044418337
213	0.39039450883865356	0.4038558828830719	0.023461374044418337
214	0.39039450883865356	0.4038558828830719	0.023461374044418337
215	0.39039450883865356	0.4038558828830719	0.023461374044418337
216	0.39039450883865356	0.4038558828830719	0.023461374044418337
217	0.39039450883865356	0.4038558828830719	0.023461374044418337
218	0.39039450883865356	0.4038558828830719	0.023461374044418337
219	0.39039450883865356	0.4038558828830719	0.023461374044418337
220	0.39039450883865356	0.4038558828830719	0.023461374044418337
221	0.39039450883865356	0.4038558828830719	0.023461374044418337
222	0.39039450883865356	0.4038558828830719	0.023461374044418337
223	0.39039450883865356	0.4038558828830719	0.023461374044418337
224	0.39039450883865356	0.4038558828830719	0.023461374044418337
225	0.39039450883865356	0.4038558828830719	0.023461374044418337
226	0.39039450883865356	0.4038558828830719	0.023461374044418337
227	0.39039450883865356	0.4038558828830719	0.023461374044418337
228	0.39039450883865356	0.4038558828830719	0.023461374044418337
229	0.39039450883865356	0.4038558828830719	0.023461374044418337
230	0.39039450883865356	0.4038558828830719	0.023461374044418337
231	0.38855844736099243	0.4038720351457596	0.025313587784767156
232	0.39041808247566223	0.40387945652008056	0.023461374044418337
233	0.3916538953781128	0.40388046026229857	0.02222656488418579
234	0.3904205858707428	0.4038819599151611	0.023461374044418337
235	0.38919442892074585	0.40389061212539673	0.024696183204650883
236	0.39043092727661133	0.40389230132102966	0.023461374044418337
237	0.39228445291519165	0.40389361321926115	0.02160916030406952
238	0.39167046546936035	0.4038970303535461	0.02222656488418579
239	0.39167046546936035	0.4038970303535461	0.02222656488418579
240	0.39167046546936035	0.4038970303535461	0.02222656488418579
241	0.39167046546936035	0.4038970303535461	0.02222656488418579
242	0.39167046546936035	0.4038970303535461	0.02222656488418579
243	0.39167046546936035	0.4038970303535461	0.02222656488418579
244	0.39167046546936035	0.4038970303535461	0.02222656488418579
245	0.39167046546936035	0.4038970303535461	0.02222656488418579
246	0.39167046546936035	0.4038970303535461	0.02222656488418579
247	0.39167046546936035	0.4038970303535461	0.02222656488418579
248	0.39167046546936035	0.4038970303535461	0.02222656488418579
249	0.39167046546936035	0.4038970303535461	0.02222656488418579
250	0.39167046546936035	0.4038970303535461	0.02222656488418579
251	0.39167046546936035	0.4038970303535461	0.02222656488418579
252	0.39167046546936035	0.4038970303535461	0.02222656488418579
253	0.39167046546936035	0.4038970303535461	0.02222656488418579
254	0.39167046546936035	0.4038970303535461	0.02222656488418579
255	0.39167046546936035	0.4038970303535461	0.02222656488418579
256	0.39167046546936035	0.4038970303535461	0.02222656488418579
257	0.39167046546936035	0.4038970303535461	0.02222656488418579
258	0.39167046546936035	0.4038970303535461	0.02222656488418579
259	0.39167046546936035	0.4038970303535461	0.02222656488418579
260	0.39167046546936035	0.4038970303535461	0.02222656488418579
261	0.39167046546936035	0.4038970303535461	0.02222656488418579
262	0.39167046546936035	0.4038970303535461	0.02222656488418579
263	0.39167046546936035	0.4038970303535461	0.02222656488418579
264	0.39167046546936035	0.4038970303535461	0.02222656488418579
265	0.39167046546936035	0.4038970303535461	0.02222656488418579
266	0.39167046546936035	0.4038970303535461	0.02222656488418579
267	0.39167046546936035	0.4038970303535461	0.02222656488418579
268	0.39167046546936035	0.4038970303535461	0.02222656488418579
269	0.39167046546936035	0.4038970303535461	0.02222656488418579
270	0.39167046546936035	0.4038970303535461	0.02222656488418579
271	0.39167046546936035	0.4038970303535461	0.02222656488418579
272	0.39167046546936035	0.4038970303535461	0.02222656488418579
273	0.39167046546936035	0.4038970303535461	0.02222656488418579
274	0.39167046546936035	0.4038970303535461	0.02222656488418579
275	0.39167046546936035	0.4038970303535461	0.02222656488418579
276	0.39167046546936035	0.4038970303535461	0.02222656488418579
277	0.39167046546936035	0.4038970303535461	0.02222656488418579
278	0.39105772972106934	0.4039016991853714	0.022843969464302064
279	0.39044228196144104	0.40390365600585937	0.023461374044418337
280	0.39106008410453796	0.40390405356884	0.022843969464302064
281	0.391063392162323	0.40390736162662505	0.022843969464302064
282	0.39168164134025574	0.4039082062244415	0.02222656488418579
283	0.39107275009155273	0.4039167195558548	0.022843969464302064
284	0.39107441902160645	0.4039183884859085	0.022843969464302064
285	0.3886171281337738	0.40393071591854096	0.025313587784767156
286	0.3898774981498718	0.40395627677440643	0.02407877862453461
287	0.3911128342151642	0.40395680367946624	0.022843969464302064
288	0.38203442096710205	0.3954957950115204	0.023461374044418337
289	0.3800375163555145	0.39411629498004913	0.02407877862453461
290	0.37903040647506714	0.393726589679718	0.024696183204650883
291	0.37874940037727356	0.3940629881620407	0.025313587784767156
292	0.3777769207954407	0.3937079131603241	0.02593099236488343
293	0.37692785263061523	0.39347624957561494	0.026548396944999702
294	0.3764846920967102	0.3936504936218262	0.027165801525115975
295	0.37721937894821167	0.3937677758932114	0.026548396944999702
296	0.37665483355522156	0.39382063508033754	0.027165801525115975
297	0.3780003786087036	0.39393137097358705	0.02593099236488343
298	0.37742629647254944	0.39397469341754915	0.026548396944999702
299	0.37744343280792236	0.3939918297529221	0.026548396944999702
300	0.3781026601791382	0.3940336525440216	0.02593099236488343
301	0.3768882751464844	0.39405407667160036	0.027165801525115975
302	0.3769132196903229	0.39407902121543886	0.027165801525115975
303	0.3769240975379944	0.39408989906311037	0.027165801525115975
304	0.37692785263061523	0.3940936541557312	0.027165801525115975
305	0.37692785263061523	0.3940936541557312	0.027165801525115975
306	0.37692785263061523	0.3940936541557312	0.027165801525115975
307	0.37692785263061523	0.3940936541557312	0.027165801525115975
308	0.37692785263061523	0.3940936541557312	0.027165801525115975
309	0.37692785263061523	0.3940936541557312	0.027165801525115975
310	0.37692785263061523	0.3940936541557312	0.027165801525115975
311	0.37692785263061523	0.3940936541557312	0.027165801525115975
312	0.37692785263061523	0.3940936541557312	0.027165801525115975
313	0.37692785263061523	0.3940936541557312	0.027165801525115975
314	0.37692785263061523	0.3940936541557312	0.027165801525115975
315	0.37692785263061523	0.3940936541557312	0.027165801525115975
316	0.37692785263061523	0.3940936541557312	0.027165801525115975
317	0.37692785263061523	0.3940936541557312	0.027165801525115975
318	0.37692785263061523	0.3940936541557312	0.027165801525115975
319	0.37692785263061523	0.3940936541557312	0.027165801525115975
320	0.37692785263061523	0.3940936541557312	0.027165801525115975
321	0.37692785263061523	0.3940936541557312	0.027165801525115975
322	0.37692785263061523	0.3940936541557312	0.027165801525115975
323	0.37692785263061523	0.3940936541557312	0.027165801525115975
324	0.37692785263061523	0.3940936541557312	0.027165801525115975
325	0.37692785263061523	0.3940936541557312	0.027165801525115975
326	0.37692785263061523	0.3940936541557312	0.027165801525115975
327	0.37692785263061523	0.3940936541557312	0.027165801525115975
328	0.37692785263061523	0.3940936541557312	0.027165801525115975
329	0.37692785263061523	0.3940936541557312	0.027165801525115975
330	0.37692785263061523	0.3940936541557312	0.027165801525115975
331	0.37692785263061523	0.3940936541557312	0.027165801525115975
332	0.37692785263061523	0.3940936541557312	0.027165801525115975
333	0.37692785263061523	0.3940936541557312	0.027165801525115975
334	0.37692785263061523	0.3940936541557312	0.027165801525115975
335	0.37692785263061523	0.3940936541557312	0.027165801525115975
336	0.37692785263061523	0.3940936541557312	0.027165801525115975
337	0.37692785263061523	0.3940936541557312	0.027165801525115975
338	0.37692785263061523	0.3940936541557312	0.027165801525115975
339	0.37692785263061523	0.3940936541557312	0.027165801525115975
340	0.37692785263061523	0.3940936541557312	0.027165801525115975
341	0.37692785263061523	0.3940936541557312	0.027165801525115975
342	0.37692785263061523	0.3940936541557312	0.027165801525115975
343	0.37692785263061523	0.3940936541557312	0.027165801525115975
344	0.37694284319877625	0.39410864472389223	0.027165801525115975
345	0.3788307309150696	0.39414431869983674	0.025313587784767156
346	0.3763626515865326	0.39414585769176486	0.027783206105232248
347	0.3782370984554291	0.3941680908203125	0.02593099236488343
348	0.37717217206954956	0.39372056901454927	0.026548396944999702
349	0.37651586532592773	0.3936816668510437	0.027165801525115975
350	0.37669751048088074	0.3938633120059967	0.027165801525115975
351	0.3761844336986542	0.39396763980388644	0.027783206105232248
352	0.3774818778038025	0.3940302747488022	0.026548396944999702
353	0.3768828809261322	0.3940486824512482	0.027165801525115975
354	0.3768828809261322	0.3940486824512482	0.027165801525115975
355	0.3763030171394348	0.3940862232446671	0.027783206105232248
356	0.3769684433937073	0.39413424491882326	0.027165801525115975
357	0.3776189386844635	0.3941673356294632	0.026548396944999702
358	0.3776189386844635	0.3941673356294632	0.026548396944999702
359	0.37886929512023926	0.3941828829050064	0.025313587784767156
360	0.37889379262924194	0.3942073804140091	0.025313587784767156
361	0.3782816529273987	0.3942126452922821	0.02593099236488343
362	0.3776521682739258	0.3942005652189255	0.026548396944999702
363	0.3795166611671448	0.39421284437179566	0.024696183204650883
364	0.3770480751991272	0.3942138767242432	0.027165801525115975
365	0.3776836693286896	0.3942320662736893	0.026548396944999702
366	0.37645623087882996	0.3942394369840622	0.027783206105232248
367	0.3764741122722626	0.39425731837749484	0.027783206105232248
368	0.37647637724876404	0.3942595833539963	0.027783206105232248
369	0.3764819800853729	0.3942651861906052	0.027783206105232248
370	0.3764846920967102	0.39426789820194247	0.027783206105232248
371	0.3764846920967102	0.39426789820194247	0.027783206105232248
372	0.3764846920967102	0.39426789820194247	0.027783206105232248
373	0.3764846920967102	0.39426789820194247	0.027783206105232248
374	0.3764846920967102	0.39426789820194247	0.027783206105232248
375	0.3764846920967102	0.39426789820194247	0.027783206105232248
376	0.3764846920967102	0.39426789820194247	0.027783206105232248
377	0.3764846920967102	0.39426789820194247	0.027783206105232248
378	0.3764846920967102	0.39426789820194247	0.027783206105232248
379	0.3764846920967102	0.39426789820194247	0.027783206105232248
380	0.3764846920967102	0.39426789820194247	0.027783206105232248
381	0.3764846920967102	0.39426789820194247	0.027783206105232248
382	0.3764846920967102	0.39426789820194247	0.027783206105232248
383	0.3764846920967102	0.39426789820194247	0.027783206105232248
384	0.3764846920967102	0.39426789820194247	0.027783206105232248
385	0.3764846920967102	0.39426789820194247	0.027783206105232248
386	0.3764846920967102	0.39426789820194247	0.027783206105232248
387	0.3764846920967102	0.39426789820194247	0.027783206105232248
388	0.3764846920967102	0.39426789820194247	0.027783206105232248
389	0.3764846920967102	0.39426789820194247	0.027783206105232248
390	0.3764846920967102	0.39426789820194247	0.027783206105232248
391	0.3764846920967102	0.39426789820194247	0.027783206105232248
392	0.3764846920967102	0.39426789820194247	0.027783206105232248
393	0.3764846920967102	0.39426789820194247	0.027783206105232248
394	0.3764846920967102	0.39426789820194247	0.027783206105232248
395	0.3764846920967102	0.39426789820194247	0.027783206105232248
396	0.3764846920967102	0.39426789820194247	0.027783206105232248
397	0.3764846920967102	0.39426789820194247	0.027783206105232248
398	0.3764846920967102	0.39426789820194247	0.027783206105232248
399	0.3764846920967102	0.39426789820194247	0.027783206105232248
400	0.3764846920967102	0.39426789820194247	0.027783206105232248
401	0.3764846920967102	0.39426789820194247	0.027783206105232248
402	0.3764846920967102	0.39426789820194247	0.027783206105232248
403	0.3764846920967102	0.39426789820194247	0.027783206105232248
404	0.3764846920967102	0.39426789820194247	0.027783206105232248
405	0.3764846920967102	0.39426789820194247	0.027783206105232248
406	0.3764846920967102	0.39426789820194247	0.027783206105232248
407	0.3764846920967102	0.39426789820194247	0.027783206105232248
408	0.3764846920967102	0.39426789820194247	0.027783206105232248
409	0.3764846920967102	0.39426789820194247	0.027783206105232248
410	0.3765030801296234	0.3942862862348557	0.027783206105232248
411	0.37651270627975464	0.3942959123849869	0.027783206105232248
412	0.3783654570579529	0.3942964494228363	0.02593099236488343
413	0.3772362172603607	0.39378461420536043	0.026548396944999702
414	0.3765084147453308	0.3936742162704468	0.027165801525115975
415	0.3766850531101227	0.39385085463523867	0.027165801525115975
416	0.37610113620758057	0.39388434231281283	0.027783206105232248
417	0.37676188349723816	0.39392768502235415	0.027165801525115975
418	0.376808226108551	0.393974027633667	0.027165801525115975
419	0.3762122690677643	0.39399547517299655	0.027783206105232248
420	0.37746745347976685	0.39401585042476656	0.026548396944999702
421	0.3775109052658081	0.3940593022108078	0.026548396944999702
422	0.3775421380996704	0.3940905350446701	0.026548396944999702
423	0.37696096301078796	0.39412676453590395	0.027165801525115975
424	0.3763689696788788	0.39415217578411105	0.027783206105232248
425	0.3776233494281769	0.3941717463731766	0.026548396944999702
426	0.3776244521141052	0.39417284905910493	0.026548396944999702
427	0.37638965249061584	0.3941728585958481	0.027783206105232248
428	0.3770276606082916	0.3941934621334076	0.027165801525115975
429	0.37645208835601807	0.39423529446125033	0.027783206105232248
430	0.3770888149738312	0.39425461649894716	0.027165801525115975
431	0.3764978051185608	0.39428101122379305	0.027783206105232248
432	0.3765057325363159	0.3942889386415482	0.027783206105232248
433	0.3765084147453308	0.3942916208505631	0.027783206105232248
434	0.3765084147453308	0.3942916208505631	0.027783206105232248
435	0.3765084147453308	0.3942916208505631	0.027783206105232248
436	0.3765084147453308	0.3942916208505631	0.027783206105232248
437	0.3765084147453308	0.3942916208505631	0.027783206105232248
438	0.3765084147453308	0.3942916208505631	0.027783206105232248
439	0.3765084147453308	0.3942916208505631	0.027783206105232248
440	0.3765084147453308	0.3942916208505631	0.027783206105232248
441	0.3765084147453308	0.3942916208505631	0.027783206105232248
442	0.3765084147453308	0.3942916208505631	0.027783206105232248
443	0.3765084147453308	0.3942916208505631	0.027783206105232248
444	0.3765084147453308	0.3942916208505631	0.027783206105232248
445	0.3765084147453308	0.3942916208505631	0.027783206105232248
446	0.3765084147453308	0.3942916208505631	0.027783206105232248
447	0.3765084147453308	0.3942916208505631	0.027783206105232248
448	0.3765084147453308	0.3942916208505631	0.027783206105232248
449	0.3765084147453308	0.3942916208505631	0.027783206105232248
450	0.3765084147453308	0.3942916208505631	0.027783206105232248
451	0.3765084147453308	0.3942916208505631	0.027783206105232248
452	0.3765084147453308	0.3942916208505631	0.027783206105232248
453	0.3765084147453308	0.3942916208505631	0.027783206105232248
454	0.3765084147453308	0.3942916208505631	0.027783206105232248
455	0.3765084147453308	0.3942916208505631	0.027783206105232248
456	0.3765084147453308	0.3942916208505631	0.027783206105232248
457	0.3765084147453308	0.3942916208505631	0.027783206105232248
458	0.3765084147453308	0.3942916208505631	0.027783206105232248
459	0.3765084147453308	0.3942916208505631	0.027783206105232248
460	0.3765084147453308	0.3942916208505631	0.027783206105232248
461	0.3765084147453308	0.3942916208505631	0.027783206105232248
462	0.3765084147453308	0.3942916208505631	0.027783206105232248
463	0.3765084147453308	0.3942916208505631	0.027783206105232248
464	0.3765084147453308	0.3942916208505631	0.027783206105232248
465	0.3765084147453308	0.3942916208505631	0.027783206105232248
466	0.3765084147453308	0.3942916208505631	0.027783206105232248
467	0.3765084147453308	0.3942916208505631	0.027783206105232248
468	0.3765084147453308	0.3942916208505631	0.027783206105232248
469	0.3765084147453308	0.3942916208505631	0.027783206105232248
470	0.3765084147453308	0.3942916208505631	0.027783206105232248
471	0.3765084147453308	0.3942916208505631	0.027783206105232248
472	0.3765084147453308	0.3942916208505631	0.027783206105232248
473	0.37651586532592773	0.39429907143116	0.027783206105232248
474	0.37651586532592773	0.39429907143116	0.027783206105232248
475	0.37651586532592773	0.39429907143116	0.027783206105232248
476	0.37651586532592773	0.39429907143116	0.027783206105232248
477	0.37651586532592773	0.39429907143116	0.027783206105232248
478	0.37651586532592773	0.39429907143116	0.027783206105232248
479	0.37651586532592773	0.39429907143116	0.027783206105232248
480	0.37651586532592773	0.39429907143116	0.027783206105232248
481	0.37651586532592773	0.39429907143116	0.027783206105232248
482	0.37651586532592773	0.39429907143116	0.027783206105232248
483	0.37651586532592773	0.39429907143116	0.027783206105232248
484	0.37651586532592773	0.39429907143116	0.027783206105232248
485	0.37651586532592773	0.39429907143116	0.027783206105232248
486	0.37651586532592773	0.39429907143116	0.027783206105232248
487	0.37651586532592773	0.39429907143116	0.027783206105232248
488	0.37651586532592773	0.39429907143116	0.027783206105232248
489	0.37651586532592773	0.39429907143116	0.027783206105232248
490	0.37651586532592773	0.39429907143116	0.027783206105232248
491	0.37651586532592773	0.39429907143116	0.027783206105232248
492	0.37651586532592773	0.39429907143116	0.027783206105232248
493	0.37651586532592773	0.39429907143116	0.027783206105232248
494	0.37651586532592773	0.39429907143116	0.027783206105232248
495	0.37651586532592773	0.39429907143116	0.027783206105232248
496	0.37651586532592773	0.39429907143116	0.027783206105232248
497	0.37651586532592773	0.39429907143116	0.027783206105232248
498	0.37561720609664917	0.39401781678199765	0.02840061068534852
499	0.3747379183769226	0.39375593364238737	0.029018015265464794
500	0.37486499547958374	0.3938830107450485	0.029018015265464794
501	0.37430882453918457	0.3939442443847656	0.029635419845581067
502	0.374429315328598	0.39406473517417906	0.029635419845581067
503	0.3744494915008545	0.39408491134643553	0.029635419845581067
504	0.37388938665390015	0.39414221107959746	0.03025282442569734
505	0.37392085790634155	0.39417368233203887	0.03025282442569734
506	0.3734177350997925	0.39428796410560607	0.030870229005813613
507	0.3740363121032715	0.3942891365289688	0.03025282442569734
508	0.37651586532592773	0.39429907143116	0.027783206105232248
509	0.37651586532592773	0.39429907143116	0.027783206105232248
510	0.37651586532592773	0.39429907143116	0.027783206105232248
511	0.37651586532592773	0.39429907143116	0.027783206105232248
512	0.37651586532592773	0.39429907143116	0.027783206105232248
513	0.37651586532592773	0.39429907143116	0.027783206105232248
514	0.37651586532592773	0.39429907143116	0.027783206105232248
515	0.37651586532592773	0.39429907143116	0.027783206105232248
516	0.37651586532592773	0.39429907143116	0.027783206105232248
517	0.37651586532592773	0.39429907143116	0.027783206105232248
518	0.37651586532592773	0.39429907143116	0.027783206105232248
519	0.37651586532592773	0.39429907143116	0.027783206105232248
520	0.37651586532592773	0.39429907143116	0.027783206105232248
521	0.37651586532592773	0.39429907143116	0.027783206105232248
522	0.37651586532592773	0.39429907143116	0.027783206105232248
523	0.3777567148208618	0.3943051117658615	0.026548396944999702
524	0.3789992928504944	0.39431288063526154	0.025313587784767156
525	0.3783821761608124	0.3943131685256958	0.02593099236488343
526	0.3753017783164978	0.39431979358196256	0.029018015265464794
527	0.3777717351913452	0.3943201321363449	0.026548396944999702
528	0.3771546185016632	0.3943204200267792	0.027165801525115975
529	0.3771566152572632	0.39432241678237917	0.027165801525115975
530	0.3771566152572632	0.39432241678237917	0.027165801525115975
531	0.3777769207954407	0.3943253177404404	0.026548396944999702
532	0.3777769207954407	0.3943253177404404	0.026548396944999702
533	0.3777769207954407	0.3943253177404404	0.026548396944999702
534	0.3777769207954407	0.3943253177404404	0.026548396944999702
535	0.3777769207954407	0.3943253177404404	0.026548396944999702
536	0.3777769207954407	0.3943253177404404	0.026548396944999702
537	0.3777769207954407	0.3943253177404404	0.026548396944999702
538	0.3777769207954407	0.3943253177404404	0.026548396944999702
539	0.3777769207954407	0.3943253177404404	0.026548396944999702
540	0.3777769207954407	0.3943253177404404	0.026548396944999702
541	0.3777769207954407	0.3943253177404404	0.026548396944999702
542	0.3777769207954407	0.3943253177404404	0.026548396944999702
543	0.3777769207954407	0.3943253177404404	0.026548396944999702
544	0.3777769207954407	0.3943253177404404	0.026548396944999702
545	0.3777769207954407	0.3943253177404404	0.026548396944999702
546	0.3777769207954407	0.3943253177404404	0.026548396944999702
547	0.3777769207954407	0.3943253177404404	0.026548396944999702
548	0.3777769207954407	0.3943253177404404	0.026548396944999702
549	0.3777769207954407	0.3943253177404404	0.026548396944999702
550	0.3777769207954407	0.3943253177404404	0.026548396944999702
551	0.3777769207954407	0.3943253177404404	0.026548396944999702
552	0.3777769207954407	0.3943253177404404	0.026548396944999702
553	0.3777769207954407	0.3943253177404404	0.026548396944999702
554	0.3777769207954407	0.3943253177404404	0.026548396944999702
555	0.3777769207954407	0.3943253177404404	0.026548396944999702
556	0.3777769207954407	0.3943253177404404	0.026548396944999702
557	0.3777769207954407	0.3943253177404404	0.026548396944999702
558	0.3777769207954407	0.3943253177404404	0.026548396944999702
559	0.3777769207954407	0.3943253177404404	0.026548396944999702
560	0.3777769207954407	0.3943253177404404	0.026548396944999702
561	0.3777769207954407	0.3943253177404404	0.026548396944999702
562	0.3777769207954407	0.3943253177404404	0.026548396944999702
563	0.3777769207954407	0.3943253177404404	0.026548396944999702
564	0.3777769207954407	0.3943253177404404	0.026548396944999702
565	0.3777769207954407	0.3943253177404404	0.026548396944999702
566	0.3777769207954407	0.3943253177404404	0.026548396944999702
567	0.3777769207954407	0.3943253177404404	0.026548396944999702
568	0.3777769207954407	0.3943253177404404	0.026548396944999702
569	0.3777769207954407	0.3943253177404404	0.026548396944999702
570	0.3777769207954407	0.3943253177404404	0.026548396944999702
571	0.37716561555862427	0.39433141708374025	0.027165801525115975
572	0.37716782093048096	0.39433362245559694	0.027165801525115975
573	0.3765507936477661	0.3943339997529984	0.027783206105232248
574	0.37655091285705566	0.3943341189622879	0.027783206105232248
575	0.37655091285705566	0.3943341189622879	0.027783206105232248
576	0.3790224492549896	0.3943360370397568	0.025313587784767156
577	0.37470221519470215	0.3943376350402832	0.029635419845581067
578	0.37717217206954956	0.39433797359466555	0.027165801525115975
579	0.37717217206954956	0.39433797359466555	0.027165801525115975
580	0.37717217206954956	0.39433797359466555	0.027165801525115975
581	0.37717217206954956	0.39433797359466555	0.027165801525115975
582	0.37717217206954956	0.39433797359466555	0.027165801525115975
583	0.37717217206954956	0.39433797359466555	0.027165801525115975
584	0.37717217206954956	0.39433797359466555	0.027165801525115975
585	0.37717217206954956	0.39433797359466555	0.027165801525115975
586	0.37717217206954956	0.39433797359466555	0.027165801525115975
587	0.37717217206954956	0.39433797359466555	0.027165801525115975
588	0.37717217206954956	0.39433797359466555	0.027165801525115975
589	0.37717217206954956	0.39433797359466555	0.027165801525115975
590	0.37717217206954956	0.39433797359466555	0.027165801525115975
591	0.37717217206954956	0.39433797359466555	0.027165801525115975
592	0.37717217206954956	0.39433797359466555	0.027165801525115975
593	0.37717217206954956	0.39433797359466555	0.027165801525115975
594	0.37717217206954956	0.39433797359466555	0.027165801525115975
595	0.37717217206954956	0.39433797359466555	0.027165801525115975
596	0.37717217206954956	0.39433797359466555	0.027165801525115975
597	0.37717217206954956	0.39433797359466555	0.027165801525115975
598	0.37717217206954956	0.39433797359466555	0.027165801525115975
599	0.37717217206954956	0.39433797359466555	0.027165801525115975
600	0.37717217206954956	0.39433797359466555	0.027165801525115975
601	0.37717217206954956	0.39433797359466555	0.027165801525115975
602	0.37717217206954956	0.39433797359466555	0.027165801525115975
603	0.37717217206954956	0.39433797359466555	0.027165801525115975
604	0.37717217206954956	0.39433797359466555	0.027165801525115975
605	0.37717217206954956	0.39433797359466555	0.027165801525115975
606	0.37717217206954956	0.39433797359466555	0.027165801525115975
607	0.37717217206954956	0.39433797359466555	0.027165801525115975
608	0.37717217206954956	0.39433797359466555	0.027165801525115975
609	0.37717217206954956	0.39433797359466555	0.027165801525115975
610	0.37717217206954956	0.39433797359466555	0.027165801525115975
611	0.37717217206954956	0.39433797359466555	0.027165801525115975
612	0.37717217206954956	0.39433797359466555	0.027165801525115975
613	0.37717217206954956	0.39433797359466555	0.027165801525115975
614	0.37717217206954956	0.39433797359466555	0.027165801525115975
615	0.37625542283058167	0.39403862893581393	0.027783206105232248
616	0.37510162591934204	0.3935022366046905	0.02840061068534852
617	0.3751875162124634	0.39358812689781186	0.02840061068534852
618	0.37468066811561584	0.3936986833810806	0.029018015265464794
619	0.37476953864097595	0.3937875539064407	0.029018015265464794
620	0.37426939606666565	0.3939048159122467	0.029635419845581067
621	0.37489986419677734	0.3939178794622421	0.029018015265464794
622	0.37494292855262756	0.3939609438180923	0.029018015265464794
623	0.37435391545295715	0.3939893352985382	0.029635419845581067
624	0.3750155568122864	0.39403357207775114	0.029018015265464794
625	0.37503746151924133	0.3940554767847061	0.029018015265464794
626	0.3744297921657562	0.39406521201133726	0.029635419845581067
627	0.37447240948677063	0.39410782933235167	0.029635419845581067
628	0.3750964403152466	0.39411445558071134	0.029018015265464794
629	0.37510162591934204	0.3941196411848068	0.029018015265464794
630	0.37510162591934204	0.3941196411848068	0.029018015265464794
631	0.37510162591934204	0.3941196411848068	0.029018015265464794
632	0.37510162591934204	0.3941196411848068	0.029018015265464794
633	0.37510162591934204	0.3941196411848068	0.029018015265464794
634	0.37510162591934204	0.3941196411848068	0.029018015265464794
635	0.37510162591934204	0.3941196411848068	0.029018015265464794
636	0.37510162591934204	0.3941196411848068	0.029018015265464794
637	0.37510162591934204	0.3941196411848068	0.029018015265464794
638	0.37510162591934204	0.3941196411848068	0.029018015265464794
639	0.37510162591934204	0.3941196411848068	0.029018015265464794
640	0.37510162591934204	0.3941196411848068	0.029018015265464794
641	0.37510162591934204	0.3941196411848068	0.029018015265464794
642	0.37510162591934204	0.3941196411848068	0.029018015265464794
643	0.37510162591934204	0.3941196411848068	0.029018015265464794
644	0.37510162591934204	0.3941196411848068	0.029018015265464794
645	0.37510162591934204	0.3941196411848068	0.029018015265464794
646	0.37510162591934204	0.3941196411848068	0.029018015265464794
647	0.37510162591934204	0.3941196411848068	0.029018015265464794
648	0.37510162591934204	0.3941196411848068	0.029018015265464794
649	0.37510162591934204	0.3941196411848068	0.029018015265464794
650	0.37510162591934204	0.3941196411848068	0.029018015265464794
651	0.37510162591934204	0.3941196411848068	0.029018015265464794
652	0.37510162591934204	0.3941196411848068	0.029018015265464794
653	0.37510162591934204	0.3941196411848068	0.029018015265464794
654	0.37510162591934204	0.3941196411848068	0.029018015265464794
655	0.37510162591934204	0.3941196411848068	0.029018015265464794
656	0.37510162591934204	0.3941196411848068	0.029018015265464794
657	0.37510162591934204	0.3941196411848068	0.029018015265464794
658	0.37510162591934204	0.3941196411848068	0.029018015265464794
659	0.37510162591934204	0.3941196411848068	0.029018015265464794
660	0.37510162591934204	0.3941196411848068	0.029018015265464794
661	0.37386786937713623	0.39412069380283354	0.03025282442569734
662	0.37392187118530273	0.39417469561100005	0.03025282442569734
663	0.3757913410663605	0.39419195175170896	0.02840061068534852
664	0.37394070625305176	0.39419353067874907	0.03025282442569734
665	0.3751875162124634	0.39420553147792814	0.029018015265464794
666	0.3751875162124634	0.39420553147792814	0.029018015265464794
667	0.3751875162124634	0.39420553147792814	0.029018015265464794
668	0.3751875162124634	0.39420553147792814	0.029018015265464794
669	0.3751875162124634	0.39420553147792814	0.029018015265464794
670	0.3751875162124634	0.39420553147792814	0.029018015265464794
671	0.3751875162124634	0.39420553147792814	0.029018015265464794
672	0.3751875162124634	0.39420553147792814	0.029018015265464794
673	0.3751875162124634	0.39420553147792814	0.029018015265464794
674	0.3751875162124634	0.39420553147792814	0.029018015265464794
675	0.3751875162124634	0.39420553147792814	0.029018015265464794
676	0.3751875162124634	0.39420553147792814	0.029018015265464794
677	0.3751875162124634	0.39420553147792814	0.029018015265464794
678	0.3751875162124634	0.39420553147792814	0.029018015265464794
679	0.3751875162124634	0.39420553147792814	0.029018015265464794
680	0.3751875162124634	0.39420553147792814	0.029018015265464794
681	0.3751875162124634	0.39420553147792814	0.029018015265464794
682	0.3751875162124634	0.39420553147792814	0.029018015265464794
683	0.3751875162124634	0.39420553147792814	0.029018015265464794
684	0.3751875162124634	0.39420553147792814	0.029018015265464794
685	0.3751875162124634	0.39420553147792814	0.029018015265464794
686	0.3751875162124634	0.39420553147792814	0.029018015265464794
687	0.3751875162124634	0.39420553147792814	0.029018015265464794
688	0.3751875162124634	0.39420553147792814	0.029018015265464794
689	0.3751875162124634	0.39420553147792814	0.029018015265464794
690	0.3751875162124634	0.39420553147792814	0.029018015265464794
691	0.3751875162124634	0.39420553147792814	0.029018015265464794
692	0.3751875162124634	0.39420553147792814	0.029018015265464794
693	0.3751875162124634	0.39420553147792814	0.029018015265464794
694	0.3751875162124634	0.39420553147792814	0.029018015265464794
695	0.3751875162124634	0.39420553147792814	0.029018015265464794
696	0.3751875162124634	0.39420553147792814	0.029018015265464794
697	0.37459075450897217	0.3942261743545532	0.029635419845581067
698	0.3745986819267273	0.39423410177230833	0.029635419845581067
699	0.37459996342658997	0.394235383272171	0.029635419845581067
700	0.37461093068122864	0.3942463505268097	0.029635419845581067
701	0.3752577602863312	0.39427577555179594	0.029018015265464794
702	0.37526220083236694	0.3942802160978317	0.029018015265464794
703	0.3734191656112671	0.3942893946170807	0.030870229005813613
704	0.37405455112457275	0.39430737555027007	0.03025282442569734
705	0.37468066811561584	0.3943160879611969	0.029635419845581067
706	0.37468066811561584	0.3943160879611969	0.029635419845581067
707	0.37468066811561584	0.3943160879611969	0.029635419845581067
708	0.37468066811561584	0.3943160879611969	0.029635419845581067
709	0.37468066811561584	0.3943160879611969	0.029635419845581067
710	0.37468066811561584	0.3943160879611969	0.029635419845581067
711	0.37468066811561584	0.3943160879611969	0.029635419845581067
712	0.37468066811561584	0.3943160879611969	0.029635419845581067
713	0.37468066811561584	0.3943160879611969	0.029635419845581067
714	0.37468066811561584	0.3943160879611969	0.029635419845581067
715	0.37468066811561584	0.3943160879611969	0.029635419845581067
716	0.37468066811561584	0.3943160879611969	0.029635419845581067
717	0.37468066811561584	0.3943160879611969	0.029635419845581067
718	0.37468066811561584	0.3943160879611969	0.029635419845581067
719	0.37468066811561584	0.3943160879611969	0.029635419845581067
720	0.37468066811561584	0.3943160879611969	0.029635419845581067
721	0.37468066811561584	0.3943160879611969	0.029635419845581067
722	0.37468066811561584	0.3943160879611969	0.029635419845581067
723	0.37468066811561584	0.3943160879611969	0.029635419845581067
724	0.37468066811561584	0.3943160879611969	0.029635419845581067
725	0.37468066811561584	0.3943160879611969	0.029635419845581067
726	0.37468066811561584	0.3943160879611969	0.029635419845581067
727	0.37468066811561584	0.3943160879611969	0.029635419845581067
728	0.37468066811561584	0.3943160879611969	0.029635419845581067
729	0.37468066811561584	0.3943160879611969	0.029635419845581067
730	0.37468066811561584	0.3943160879611969	0.029635419845581067
731	0.37468066811561584	0.3943160879611969	0.029635419845581067
732	0.37468066811561584	0.3943160879611969	0.029635419845581067
733	0.37468066811561584	0.3943160879611969	0.029635419845581067
734	0.37468066811561584	0.3943160879611969	0.029635419845581067
735	0.37468066811561584	0.3943160879611969	0.029635419845581067
736	0.37468066811561584	0.3943160879611969	0.029635419845581067
737	0.37717217206954956	0.39433797359466555	0.027165801525115975
738	0.37717217206954956	0.39433797359466555	0.027165801525115975
739	0.37717217206954956	0.39433797359466555	0.027165801525115975
740	0.37409040331840515	0.39434322774410246	0.03025282442569734
741	0.37903040647506714	0.3943439942598343	0.025313587784767156
742	0.37903040647506714	0.3943439942598343	0.025313587784767156
743	0.37903040647506714	0.3943439942598343	0.025313587784767156
744	0.37903040647506714	0.3943439942598343	0.025313587784767156
745	0.37903040647506714	0.3943439942598343	0.025313587784767156
746	0.37903040647506714	0.3943439942598343	0.025313587784767156
747	0.37903040647506714	0.3943439942598343	0.025313587784767156
748	0.37903040647506714	0.3943439942598343	0.025313587784767156
749	0.37903040647506714	0.3943439942598343	0.025313587784767156
750	0.37903040647506714	0.3943439942598343	0.025313587784767156
751	0.37903040647506714	0.3943439942598343	0.025313587784767156
752	0.37903040647506714	0.3943439942598343	0.025313587784767156
753	0.37903040647506714	0.3943439942598343	0.025313587784767156
754	0.37903040647506714	0.3943439942598343	0.025313587784767156
755	0.37903040647506714	0.3943439942598343	0.025313587784767156
756	0.37903040647506714	0.3943439942598343	0.025313587784767156
757	0.37903040647506714	0.3943439942598343	0.025313587784767156
758	0.37903040647506714	0.3943439942598343	0.025313587784767156
759	0.37903040647506714	0.3943439942598343	0.025313587784767156
760	0.37903040647506714	0.3943439942598343	0.025313587784767156
761	0.37903040647506714	0.3943439942598343	0.025313587784767156
762	0.37903040647506714	0.3943439942598343	0.025313587784767156
763	0.37903040647506714	0.3943439942598343	0.025313587784767156
764	0.37903040647506714	0.3943439942598343	0.025313587784767156
765	0.37903040647506714	0.3943439942598343	0.025313587784767156
766	0.37903040647506714	0.3943439942598343	0.025313587784767156
767	0.37903040647506714	0.3943439942598343	0.025313587784767156
768	0.37903040647506714	0.3943439942598343	0.025313587784767156
769	0.37903040647506714	0.3943439942598343	0.025313587784767156
770	0.37903040647506714	0.3943439942598343	0.025313587784767156
771	0.37903040647506714	0.3943439942598343	0.025313587784767156
772	0.37903040647506714	0.3943439942598343	0.025313587784767156
773	0.3780660629272461	0.3939970552921295	0.02593099236488343
774	0.37903040647506714	0.3943439942598343	0.025313587784767156
775	0.37903040647506714	0.3943439942598343	0.025313587784767156
776	0.37903040647506714	0.3943439942598343	0.025313587784767156
777	0.37903040647506714	0.3943439942598343	0.025313587784767156
778	0.37903040647506714	0.3943439942598343	0.025313587784767156
779	0.37903040647506714	0.3943439942598343	0.025313587784767156
780	0.37903040647506714	0.3943439942598343	0.025313587784767156
781	0.37903040647506714	0.3943439942598343	0.025313587784767156
782	0.37409210205078125	0.39434492647647856	0.03025282442569734
783	0.3747095763683319	0.39434499621391295	0.029635419845581067
784	0.37347596883773804	0.3943461978435516	0.030870229005813613
785	0.3734794557094574	0.394349684715271	0.030870229005813613
786	0.3759533166885376	0.3943539273738861	0.02840061068534852
787	0.37780672311782837	0.3943551200628281	0.026548396944999702
788	0.37410247325897217	0.3943552976846695	0.03025282442569734
789	0.37533971667289734	0.3943577319383621	0.029018015265464794
790	0.37781596183776855	0.39436435878276827	0.026548396944999702
791	0.3784370720386505	0.39436806440353395	0.02593099236488343
792	0.3772023916244507	0.39436819314956667	0.027165801525115975
793	0.3747379183769226	0.39437333822250364	0.029635419845581067
794	0.3747379183769226	0.39437333822250364	0.029635419845581067
795	0.3747379183769226	0.39437333822250364	0.029635419845581067
796	0.3747379183769226	0.39437333822250364	0.029635419845581067
797	0.3747379183769226	0.39437333822250364	0.029635419845581067
798	0.3747379183769226	0.39437333822250364	0.029635419845581067
799	0.3747379183769226	0.39437333822250364	0.029635419845581067
800	0.3747379183769226	0.39437333822250364	0.029635419845581067
801	0.3747379183769226	0.39437333822250364	0.029635419845581067
802	0.3747379183769226	0.39437333822250364	0.029635419845581067
803	0.3747379183769226	0.39437333822250364	0.029635419845581067
804	0.3747379183769226	0.39437333822250364	0.029635419845581067
805	0.3747379183769226	0.39437333822250364	0.029635419845581067
806	0.3747379183769226	0.39437333822250364	0.029635419845581067
807	0.3747379183769226	0.39437333822250364	0.029635419845581067
808	0.3747379183769226	0.39437333822250364	0.029635419845581067
809	0.3747379183769226	0.39437333822250364	0.029635419845581067
810	0.3747379183769226	0.39437333822250364	0.029635419845581067
811	0.3747379183769226	0.39437333822250364	0.029635419845581067
812	0.3747379183769226	0.39437333822250364	0.029635419845581067
813	0.3747379183769226	0.39437333822250364	0.029635419845581067
814	0.3747379183769226	0.39437333822250364	0.029635419845581067
815	0.3747379183769226	0.39437333822250364	0.029635419845581067
816	0.3747379183769226	0.39437333822250364	0.029635419845581067
817	0.3747379183769226	0.39437333822250364	0.029635419845581067
818	0.3747379183769226	0.39437333822250364	0.029635419845581067
819	0.3747379183769226	0.39437333822250364	0.029635419845581067
820	0.3747379183769226	0.39437333822250364	0.029635419845581067
821	0.3747379183769226	0.39437333822250364	0.029635419845581067
822	0.3747379183769226	0.39437333822250364	0.029635419845581067
823	0.3747379183769226	0.39437333822250364	0.029635419845581067
824	0.3747379183769226	0.39437333822250364	0.029635419845581067
825	0.37782663106918335	0.39437502801418306	0.026548396944999702
826	0.376595139503479	0.39437834560871127	0.027783206105232248
827	0.3772149980068207	0.39438079953193667	0.027165801525115975
828	0.37659889459609985	0.3943821007013321	0.027783206105232248
829	0.376601904630661	0.3943851107358933	0.027783206105232248
830	0.37721937894821167	0.39438518047332766	0.027165801525115975
831	0.37721937894821167	0.39438518047332766	0.027165801525115975
832	0.37721937894821167	0.39438518047332766	0.027165801525115975
833	0.37721937894821167	0.39438518047332766	0.027165801525115975
834	0.37721937894821167	0.39438518047332766	0.027165801525115975
835	0.37721937894821167	0.39438518047332766	0.027165801525115975
836	0.37721937894821167	0.39438518047332766	0.027165801525115975
837	0.37721937894821167	0.39438518047332766	0.027165801525115975
838	0.37721937894821167	0.39438518047332766	0.027165801525115975
839	0.37721937894821167	0.39438518047332766	0.027165801525115975
840	0.37721937894821167	0.39438518047332766	0.027165801525115975
841	0.37721937894821167	0.39438518047332766	0.027165801525115975
842	0.37721937894821167	0.39438518047332766	0.027165801525115975
843	0.37721937894821167	0.39438518047332766	0.027165801525115975
844	0.37721937894821167	0.39438518047332766	0.027165801525115975
845	0.37721937894821167	0.39438518047332766	0.027165801525115975
846	0.37721937894821167	0.39438518047332766	0.027165801525115975
847	0.37721937894821167	0.39438518047332766	0.027165801525115975
848	0.37721937894821167	0.39438518047332766	0.027165801525115975
849	0.37721937894821167	0.39438518047332766	0.027165801525115975
850	0.37721937894821167	0.39438518047332766	0.027165801525115975
851	0.37721937894821167	0.39438518047332766	0.027165801525115975
852	0.37721937894821167	0.39438518047332766	0.027165801525115975
853	0.37721937894821167	0.39438518047332766	0.027165801525115975
854	0.37721937894821167	0.39438518047332766	0.027165801525115975
855	0.37721937894821167	0.39438518047332766	0.027165801525115975
856	0.37721937894821167	0.39438518047332766	0.027165801525115975
857	0.37721937894821167	0.39438518047332766	0.027165801525115975
858	0.37721937894821167	0.39438518047332766	0.027165801525115975
859	0.37721937894821167	0.39438518047332766	0.027165801525115975
860	0.37721937894821167	0.39438518047332766	0.027165801525115975
861	0.37721937894821167	0.39438518047332766	0.027165801525115975
862	0.37721937894821167	0.39438518047332766	0.027165801525115975
863	0.37721937894821167	0.39438518047332766	0.027165801525115975
864	0.37721937894821167	0.39438518047332766	0.027165801525115975
865	0.37721937894821167	0.39438518047332766	0.027165801525115975
866	0.37721937894821167	0.39438518047332766	0.027165801525115975
867	0.37721937894821167	0.39438518047332766	0.027165801525115975
868	0.37721937894821167	0.39438518047332766	0.027165801525115975
869	0.37721937894821167	0.39438518047332766	0.027165801525115975
870	0.3772214949131012	0.3943872964382172	0.027165801525115975
871	0.37660887837409973	0.394392084479332	0.027783206105232248
872	0.37723246216773987	0.39439826369285585	0.027165801525115975
873	0.37723249197006226	0.39439829349517824	0.027165801525115975
874	0.3735297620296478	0.3943999910354614	0.030870229005813613
875	0.3772362172603607	0.3944020187854767	0.027165801525115975
876	0.3772362172603607	0.3944020187854767	0.027165801525115975
877	0.3772362172603607	0.3944020187854767	0.027165801525115975
878	0.3772362172603607	0.3944020187854767	0.027165801525115975
879	0.3772362172603607	0.3944020187854767	0.027165801525115975
880	0.3772362172603607	0.3944020187854767	0.027165801525115975
881	0.3772362172603607	0.3944020187854767	0.027165801525115975
882	0.3772362172603607	0.3944020187854767	0.027165801525115975
883	0.3772362172603607	0.3944020187854767	0.027165801525115975
884	0.3772362172603607	0.3944020187854767	0.027165801525115975
885	0.3772362172603607	0.3944020187854767	0.027165801525115975
886	0.3772362172603607	0.3944020187854767	0.027165801525115975
887	0.3772362172603607	0.3944020187854767	0.027165801525115975
888	0.3772362172603607	0.3944020187854767	0.027165801525115975
889	0.3772362172603607	0.3944020187854767	0.027165801525115975
890	0.3772362172603607	0.3944020187854767	0.027165801525115975
891	0.3772362172603607	0.3944020187854767	0.027165801525115975
892	0.3772362172603607	0.3944020187854767	0.027165801525115975
893	0.3772362172603607	0.3944020187854767	0.027165801525115975
894	0.3772362172603607	0.3944020187854767	0.027165801525115975
895	0.3772362172603607	0.3944020187854767	0.027165801525115975
896	0.3772362172603607	0.3944020187854767	0.027165801525115975
897	0.3772362172603607	0.3944020187854767	0.027165801525115975
898	0.3772362172603607	0.3944020187854767	0.027165801525115975
899	0.3772362172603607	0.3944020187854767	0.027165801525115975
900	0.3772362172603607	0.3944020187854767	0.027165801525115975
901	0.3772362172603607	0.3944020187854767	0.027165801525115975
902	0.3772362172603607	0.3944020187854767	0.027165801525115975
903	0.3772362172603607	0.3944020187854767	0.027165801525115975
904	0.3772362172603607	0.3944020187854767	0.027165801525115975
905	0.3772362172603607	0.3944020187854767	0.027165801525115975
906	0.3772362172603607	0.3944020187854767	0.027165801525115975
907	0.3772362172603607	0.3944020187854767	0.027165801525115975
908	0.3772362172603607	0.3944020187854767	0.027165801525115975
909	0.3772362172603607	0.3944020187854767	0.027165801525115975
910	0.3772362172603607	0.3944020187854767	0.027165801525115975
911	0.3772362172603607	0.3944020187854767	0.027165801525115975
912	0.3772362172603607	0.3944020187854767	0.027165801525115975
913	0.3772362172603607	0.3944020187854767	0.027165801525115975
914	0.3772362172603607	0.3944020187854767	0.027165801525115975
915	0.3772372007369995	0.3944030022621155	0.027165801525115975
916	0.3778551518917084	0.3944035488367081	0.026548396944999702
917	0.37476953864097595	0.394404958486557	0.029635419845581067
918	0.37476953864097595	0.394404958486557	0.029635419845581067
919	0.37476953864097595	0.394404958486557	0.029635419845581067
920	0.37476953864097595	0.394404958486557	0.029635419845581067
921	0.37476953864097595	0.394404958486557	0.029635419845581067
922	0.37476953864097595	0.394404958486557	0.029635419845581067
923	0.37476953864097595	0.394404958486557	0.029635419845581067
924	0.37476953864097595	0.394404958486557	0.029635419845581067
925	0.37476953864097595	0.394404958486557	0.029635419845581067
926	0.37476953864097595	0.394404958486557	0.029635419845581067
927	0.37476953864097595	0.394404958486557	0.029635419845581067
928	0.37476953864097595	0.394404958486557	0.029635419845581067
929	0.37476953864097595	0.394404958486557	0.029635419845581067
930	0.37476953864097595	0.394404958486557	0.029635419845581067
931	0.37476953864097595	0.394404958486557	0.029635419845581067
932	0.37476953864097595	0.394404958486557	0.029635419845581067
933	0.37476953864097595	0.394404958486557	0.029635419845581067
934	0.37476953864097595	0.394404958486557	0.029635419845581067
935	0.37476953864097595	0.394404958486557	0.029635419845581067
936	0.37476953864097595	0.394404958486557	0.029635419845581067
937	0.37476953864097595	0.394404958486557	0.029635419845581067
938	0.37476953864097595	0.394404958486557	0.029635419845581067
939	0.37476953864097595	0.394404958486557	0.029635419845581067
940	0.37476953864097595	0.394404958486557	0.029635419845581067
941	0.37476953864097595	0.394404958486557	0.029635419845581067
942	0.37476953864097595	0.394404958486557	0.029635419845581067
943	0.37476953864097595	0.394404958486557	0.029635419845581067
944	0.37476953864097595	0.394404958486557	0.029635419845581067
945	0.37476953864097595	0.394404958486557	0.029635419845581067
946	0.37476953864097595	0.394404958486557	0.029635419845581067
947	0.37476953864097595	0.394404958486557	0.029635419845581067
948	0.37476953864097595	0.394404958486557	0.029635419845581067
949	0.37291979789733887	0.39440743148326873	0.03148763358592988
950	0.3729217052459717	0.39440933883190155	0.03148763358592988
951	0.3778623342514038	0.3944107311964035	0.026548396944999702
952	0.37539440393447876	0.3944124191999435	0.029018015265464794
953	0.37786996364593506	0.39441836059093477	0.026548396944999702
954	0.37417200207710266	0.3944248265028	0.03025282442569734
955	0.37664273381233215	0.3944259399175644	0.027783206105232248
956	0.37602800130844116	0.39442861199378965	0.02840061068534852
957	0.3754146099090576	0.3944326251745224	0.029018015265464794
958	0.3766517639160156	0.3944349700212479	0.027783206105232248
959	0.3741842210292816	0.39443704545497893	0.03025282442569734
960	0.37665483355522156	0.3944380396604538	0.027783206105232248
961	0.37665483355522156	0.3944380396604538	0.027783206105232248
962	0.37665483355522156	0.3944380396604538	0.027783206105232248
963	0.37665483355522156	0.3944380396604538	0.027783206105232248
964	0.37665483355522156	0.3944380396604538	0.027783206105232248
965	0.37665483355522156	0.3944380396604538	0.027783206105232248
966	0.37665483355522156	0.3944380396604538	0.027783206105232248
967	0.37665483355522156	0.3944380396604538	0.027783206105232248
968	0.37665483355522156	0.3944380396604538	0.027783206105232248
969	0.37665483355522156	0.3944380396604538	0.027783206105232248
970	0.37665483355522156	0.3944380396604538	0.027783206105232248
971	0.37665483355522156	0.3944380396604538	0.027783206105232248
972	0.37665483355522156	0.3944380396604538	0.027783206105232248
973	0.37665483355522156	0.3944380396604538	0.027783206105232248
974	0.37665483355522156	0.3944380396604538	0.027783206105232248
975	0.37665483355522156	0.3944380396604538	0.027783206105232248
976	0.37665483355522156	0.3944380396604538	0.027783206105232248
977	0.37665483355522156	0.3944380396604538	0.027783206105232248
978	0.37665483355522156	0.3944380396604538	0.027783206105232248
979	0.37665483355522156	0.3944380396604538	0.027783206105232248
980	0.37665483355522156	0.3944380396604538	0.027783206105232248
981	0.37665483355522156	0.3944380396604538	0.027783206105232248
982	0.37665483355522156	0.3944380396604538	0.027783206105232248
983	0.37665483355522156	0.3944380396604538	0.027783206105232248
984	0.37665483355522156	0.3944380396604538	0.027783206105232248
985	0.37665483355522156	0.3944380396604538	0.027783206105232248
986	0.37665483355522156	0.3944380396604538	0.027783206105232248
987	0.37665483355522156	0.3944380396604538	0.027783206105232248
988	0.37665483355522156	0.3944380396604538	0.027783206105232248
989	0.37665483355522156	0.3944380396604538	0.027783206105232248
990	0.37665483355522156	0.3944380396604538	0.027783206105232248
991	0.37665483355522156	0.3944380396604538	0.027783206105232248
992	0.37665483355522156	0.3944380396604538	0.027783206105232248
993	0.37665483355522156	0.3944380396604538	0.027783206105232248
994	0.37665483355522156	0.3944380396604538	0.027783206105232248
995	0.37665483355522156	0.3944380396604538	0.027783206105232248
996	0.37665483355522156	0.3944380396604538	0.027783206105232248
997	0.37665483355522156	0.3944380396604538	0.027783206105232248
998	0.37665483355522156	0.3944380396604538	0.027783206105232248
999	0.37665483355522156	0.3944380396604538	0.027783206105232248
1000	0.3748074471950531	0.39444286704063414	0.029635419845581067

Best Loss: 0.37291979789733887

Training Times (seconds): [82.01595126100005]
