Iteration	Loss (h + target_loss)	Total Cost (f)	Cost g
1	0.5088239908218384	0.49882399082183837	0
2	0.5080345869064331	0.49854341089725496	0.0005088239908218384
3	0.5071843862533569	0.4982020342350006	0.0010176479816436767
4	0.5061742663383484	0.4977007383108139	0.001526471972465515
5	0.5048836469650269	0.4969189429283142	0.0020352959632873534
6	0.503286600112915	0.4958307200670242	0.002544119954109192
7	0.5012605786323547	0.4943135225772858	0.0030529439449310304
8	0.49836432933807373	0.4919260972738266	0.003561767935752869
9	0.4941790699958801	0.48824966192245484	0.004070591926574707
10	0.488219678401947	0.48279909431934354	0.004579415917396545
11	0.4812093675136566	0.476297607421875	0.005088239908218383
12	0.4748714566230774	0.47046852052211763	0.005597063899040221
13	0.4675200879573822	0.46362597584724424	0.006105887889862059
14	0.4607730507850647	0.4573877626657486	0.006614711880683897
15	0.4534836411476135	0.45060717701911923	0.007123535871505735
16	0.446999192237854	0.44463155210018157	0.007632359862327573
17	0.4404357969760895	0.4385769808292389	0.008141183853149412
18	0.43447345495224	0.4331234627962112	0.00865000784397125
19	0.426166296005249	0.4253251278400421	0.009158831834793088
20	0.41858479380607605	0.41825244963169095	0.009667655825614926
21	0.4114711582660675	0.41164763808250426	0.010176479816436764
22	0.40576767921447754	0.40645298302173616	0.010685303807258602
23	0.4008585214614868	0.40205264925956724	0.01119412779808044
24	0.3972310721874237	0.398934023976326	0.011702951788902278
25	0.39447757601737976	0.39668935179710385	0.012211775779724116
26	0.3904271125793457	0.39314771234989165	0.012720599770545954
27	0.38680511713027954	0.39003454089164735	0.013229423761367792
28	0.3841053247451782	0.38784357249736784	0.01373824775218963
29	0.38242024183273315	0.38666731357574463	0.014247071743011468
30	0.38151079416275024	0.3862666898965835	0.014755895733833306
31	0.38154181838035583	0.3862977141141891	0.014755895733833306
32	0.38111335039138794	0.3863780701160431	0.015264719724655144
33	0.37969157099723816	0.38546511471271516	0.015773543715476984
34	0.37876737117767334	0.38504973888397215	0.016282367706298824
35	0.3777686357498169	0.38455982744693756	0.016791191697120664
36	0.37677910923957825	0.3840791249275207	0.017300015687942503
37	0.37579473853111267	0.383603578209877	0.017808839678764343
38	0.374969482421875	0.3832871460914612	0.018317663669586183
39	0.3738279938697815	0.3826544815301895	0.018826487660408023
40	0.37264305353164673	0.3819783651828766	0.019335311651229863
41	0.37145882844924927	0.38130296409130093	0.019844135642051702
42	0.36976325511932373	0.38011621475219726	0.020352959632873542
43	0.36858421564102173	0.3794459992647171	0.020861783623695382
44	0.36717256903648376	0.37854317665100096	0.02137060761451722
45	0.3659036457538605	0.3777830773591995	0.02187943160533906
46	0.36460259556770325	0.37699085116386416	0.0223882555961609
47	0.36339956521987915	0.37629664480686187	0.02289707958698274
48	0.36233168840408325	0.37573759198188783	0.02340590357780458
49	0.3610662519931793	0.37498097956180576	0.02391472756862642
50	0.3600682020187378	0.37449175357818604	0.02442355155944826
51	0.35879382491111755	0.37372620046138766	0.0249323755502701
52	0.3553105890750885	0.3707517886161804	0.02544119954109194
53	0.35404497385025024	0.369994997382164	0.02595002353191378
54	0.35291221737861633	0.36937106490135196	0.02645884752273562
55	0.3512496054172516	0.368217276930809	0.02696767151355746
56	0.35031500458717346	0.36779150009155276	0.0274764955043793
57	0.34844934940338135	0.36643466889858245	0.02798531949520114
58	0.34611883759498596	0.3646129810810089	0.02849414348602298
59	0.3448431193828583	0.3638460868597031	0.029002967476844818
60	0.3428678512573242	0.36237964272499085	0.029511791467666658
61	0.34164953231811523	0.3616701477766037	0.030020615458488498
62	0.3398429751396179	0.36037241458892827	0.030529439449310337
63	0.33869481086730957	0.3597330743074417	0.031038263440132177
64	0.3369692862033844	0.3585163736343384	0.03154708743095402
65	0.3359232246875763	0.35797913610935217	0.03205591142177586
66	0.3343145549297333	0.35687929034233096	0.032564735412597696
67	0.33330482244491577	0.3563783818483353	0.033073559403419536
68	0.33182331919670105	0.3554057025909424	0.033582383394241376
69	0.3308815062046051	0.3549727135896683	0.034091207385063216
70	0.32955050468444824	0.3541505360603333	0.034600031375885056
71	0.3286173939704895	0.3537262493371964	0.035108855366706895
72	0.3274514377117157	0.35306911706924443	0.035617679357528735
73	0.32655882835388184	0.3526853317022324	0.036126503348350575
74	0.32556676864624023	0.35220209598541263	0.036635327339172415
75	0.32472196221351624	0.3518661135435105	0.037144151329994254
76	0.32387715578079224	0.3515301311016083	0.037652975320816094
77	0.3229932487010956	0.3511550480127335	0.038161799311637934
78	0.32238736748695374	0.3510579907894135	0.038670623302459774
79	0.3215321898460388	0.3507116371393204	0.03917944729328161
80	0.32064396142959595	0.3503322327136994	0.03968827128410345
81	0.3139815628528595	0.3441786581277848	0.04019709527492529
82	0.3133343756198883	0.3440402948856354	0.04070591926574713
83	0.31225916743278503	0.343473910689354	0.04121474325656897
84	0.3118404150009155	0.3435639822483063	0.04172356724739081
85	0.31078439950942993	0.3430167907476426	0.04223239123821265
86	0.31038883328437805	0.34313004851341256	0.04274121522903449
87	0.3094344735145569	0.3426845127344132	0.04325003921985633
88	0.30888402462005615	0.3426428878307343	0.04375886321067817
89	0.3083013594150543	0.3425690466165543	0.04426768720150001
90	0.3076002597808838	0.3423767709732056	0.04477651119232185
91	0.30830931663513184	0.3425770038366318	0.04426768720150001
92	0.30768728256225586	0.3424637937545777	0.04477651119232185
93	0.3083280324935913	0.3425957196950913	0.04426768720150001
94	0.3077642321586609	0.3425407433509827	0.04477651119232185
95	0.30738499760627747	0.34267033278942116	0.04528533518314369
96	0.30641913414001465	0.34221329331398015	0.04579415917396553
97	0.30533868074417114	0.3416416639089585	0.04630298316478737
98	0.30476561188697815	0.34157741904258737	0.04681180715560921
99	0.30400046706199646	0.3413210982084275	0.04732063114643105
100	0.30317792296409607	0.34100737810134896	0.04782945513725289
101	0.3027830719947815	0.34112135112285624	0.04833827912807473
102	0.3020855486392975	0.34093265175819404	0.04884710311889657
103	0.30142340064048767	0.3407793277502061	0.04935592710971841
104	0.30212754011154175	0.3409746432304383	0.04884710311889657
105	0.3011157214641571	0.3409804725646973	0.04986475110054025
106	0.3016466200351715	0.3410025471448899	0.04935592710971841
107	0.30216413736343384	0.3410112404823304	0.04884710311889657
108	0.3006424903869629	0.34101606547832497	0.05037357509136209
109	0.3006558418273926	0.34102941691875466	0.05037357509136209
110	0.3000890612602234	0.34097146034240733	0.05088239908218393
111	0.30067023634910583	0.3410438114404679	0.05037357509136209
112	0.30172988772392273	0.34108581483364114	0.04935592710971841
113	0.3012690544128418	0.341133805513382	0.04986475110054025
114	0.3002545237541199	0.3411369228363038	0.05088239908218393
115	0.30130523443222046	0.3411699855327607	0.04986475110054025
116	0.30075663328170776	0.34113020837306984	0.05037357509136209
117	0.3013175129890442	0.3411822640895844	0.04986475110054025
118	0.30079254508018494	0.341166120171547	0.05037357509136209
119	0.30133843421936035	0.34120318531990057	0.04986475110054025
120	0.2998127341270447	0.3412039572000504	0.05139122307300577
121	0.3003218173980713	0.34120421648025523	0.05088239908218393
122	0.30135244131088257	0.3412171924114228	0.04986475110054025
123	0.3013627231121063	0.34122747421264654	0.04986475110054025
124	0.30087605118751526	0.34124962627887734	0.05037357509136209
125	0.30141162872314453	0.34127637982368475	0.04986475110054025
126	0.3014177978038788	0.341282548904419	0.04986475110054025
127	0.3009096086025238	0.3412831836938859	0.05037357509136209
128	0.3014194071292877	0.34128415822982794	0.04986475110054025
129	0.3014213740825653	0.3412861251831055	0.04986475110054025
130	0.30142340064048767	0.3412881517410279	0.04986475110054025
131	0.30142340064048767	0.3412881517410279	0.04986475110054025
132	0.30142340064048767	0.3412881517410279	0.04986475110054025
133	0.30142340064048767	0.3412881517410279	0.04986475110054025
134	0.30142340064048767	0.3412881517410279	0.04986475110054025
135	0.30142340064048767	0.3412881517410279	0.04986475110054025
136	0.30142340064048767	0.3412881517410279	0.04986475110054025
137	0.30142340064048767	0.3412881517410279	0.04986475110054025
138	0.30142340064048767	0.3412881517410279	0.04986475110054025
139	0.30142340064048767	0.3412881517410279	0.04986475110054025
140	0.30142340064048767	0.3412881517410279	0.04986475110054025
141	0.30142340064048767	0.3412881517410279	0.04986475110054025
142	0.30142340064048767	0.3412881517410279	0.04986475110054025
143	0.30142340064048767	0.3412881517410279	0.04986475110054025
144	0.30142340064048767	0.3412881517410279	0.04986475110054025
145	0.30142340064048767	0.3412881517410279	0.04986475110054025
146	0.30142340064048767	0.3412881517410279	0.04986475110054025
147	0.30142340064048767	0.3412881517410279	0.04986475110054025
148	0.30142340064048767	0.3412881517410279	0.04986475110054025
149	0.30142340064048767	0.3412881517410279	0.04986475110054025
150	0.30142340064048767	0.3412881517410279	0.04986475110054025
151	0.30142340064048767	0.3412881517410279	0.04986475110054025
152	0.30142340064048767	0.3412881517410279	0.04986475110054025
153	0.30142340064048767	0.3412881517410279	0.04986475110054025
154	0.30142340064048767	0.3412881517410279	0.04986475110054025
155	0.30142340064048767	0.3412881517410279	0.04986475110054025
156	0.30142340064048767	0.3412881517410279	0.04986475110054025
157	0.30142340064048767	0.3412881517410279	0.04986475110054025
158	0.30142340064048767	0.3412881517410279	0.04986475110054025
159	0.30142340064048767	0.3412881517410279	0.04986475110054025
160	0.30142340064048767	0.3412881517410279	0.04986475110054025
161	0.30142489075660706	0.3412896418571473	0.04986475110054025
162	0.3014270067214966	0.3412917578220368	0.04986475110054025
163	0.30142831802368164	0.34129306912422186	0.04986475110054025
164	0.2999021112918854	0.3412933343648911	0.05139122307300577
165	0.3014306426048279	0.3412953937053681	0.04986475110054025
166	0.30143776535987854	0.34130251646041876	0.04986475110054025
167	0.3014729917049408	0.341337742805481	0.04986475110054025
168	0.3030010461807251	0.34133932530879985	0.04833827912807473
169	0.301988422870636	0.3413443499803544	0.04935592710971841
170	0.30300891399383545	0.3413471931219102	0.04833827912807473
171	0.30404558777809143	0.34136621892452246	0.04732063114643105
172	0.30338984727859497	0.34121930241584786	0.04782945513725289
173	0.3029803931713104	0.3413186722993852	0.04833827912807473
174	0.3022608757019043	0.34110797882080085	0.04884710311889657
175	0.30298981070518494	0.3413280898332597	0.04833827912807473
176	0.3022976815700531	0.34114478468894965	0.04884710311889657
177	0.3019971549510956	0.341353082060814	0.04935592710971841
178	0.3013504445552826	0.3412151956558228	0.04986475110054025
179	0.30136439204216003	0.34122914314270025	0.04986475110054025
180	0.30048394203186035	0.3413663411140443	0.05088239908218393
181	0.3020118772983551	0.3413678044080735	0.04935592710971841
182	0.3015144169330597	0.3413791680335999	0.04986475110054025
183	0.3004980981349945	0.34138049721717845	0.05088239908218393
184	0.30101045966148376	0.34138403475284584	0.05037357509136209
185	0.30203595757484436	0.3413918846845628	0.04935592710971841
186	0.30408021807670593	0.34140084922313696	0.04732063114643105
187	0.3034783601760864	0.3413078153133393	0.04782945513725289
188	0.3030118942260742	0.34135017335414897	0.04833827912807473
189	0.3023921251296997	0.34123922824859626	0.04884710311889657
190	0.30051928758621216	0.3414016866683961	0.05088239908218393
191	0.3010290563106537	0.34140263140201577	0.05037357509136209
192	0.30154210329055786	0.3414068543910981	0.04986475110054025
193	0.30307072401046753	0.3414090031385423	0.04833827912807473
194	0.3020625710487366	0.341418498158455	0.04935592710971841
195	0.3014041781425476	0.3412689292430878	0.04986475110054025
196	0.30207526683807373	0.34143119394779214	0.04935592710971841
197	0.30157145857810974	0.34143620967864996	0.04986475110054025
198	0.30004531145095825	0.341436534523964	0.05139122307300577
199	0.3020807206630707	0.3414366477727891	0.04935592710971841
200	0.30208200216293335	0.34143792927265176	0.04935592710971841
201	0.30310043692588806	0.3414387160539628	0.04833827912807473
202	0.3020837903022766	0.341439717411995	0.04935592710971841
203	0.3020855486392975	0.3414414757490159	0.04935592710971841
204	0.3020855486392975	0.3414414757490159	0.04935592710971841
205	0.3020855486392975	0.3414414757490159	0.04935592710971841
206	0.3020855486392975	0.3414414757490159	0.04935592710971841
207	0.3020855486392975	0.3414414757490159	0.04935592710971841
208	0.3020855486392975	0.3414414757490159	0.04935592710971841
209	0.3020855486392975	0.3414414757490159	0.04935592710971841
210	0.3020855486392975	0.3414414757490159	0.04935592710971841
211	0.3020855486392975	0.3414414757490159	0.04935592710971841
212	0.3020855486392975	0.3414414757490159	0.04935592710971841
213	0.3020855486392975	0.3414414757490159	0.04935592710971841
214	0.3020855486392975	0.3414414757490159	0.04935592710971841
215	0.3020855486392975	0.3414414757490159	0.04935592710971841
216	0.3020855486392975	0.3414414757490159	0.04935592710971841
217	0.3020855486392975	0.3414414757490159	0.04935592710971841
218	0.3020855486392975	0.3414414757490159	0.04935592710971841
219	0.3020855486392975	0.3414414757490159	0.04935592710971841
220	0.3020855486392975	0.3414414757490159	0.04935592710971841
221	0.3020855486392975	0.3414414757490159	0.04935592710971841
222	0.3020855486392975	0.3414414757490159	0.04935592710971841
223	0.3020855486392975	0.3414414757490159	0.04935592710971841
224	0.3020855486392975	0.3414414757490159	0.04935592710971841
225	0.3020855486392975	0.3414414757490159	0.04935592710971841
226	0.3020855486392975	0.3414414757490159	0.04935592710971841
227	0.3020855486392975	0.3414414757490159	0.04935592710971841
228	0.3020855486392975	0.3414414757490159	0.04935592710971841
229	0.3020855486392975	0.3414414757490159	0.04935592710971841
230	0.3020855486392975	0.3414414757490159	0.04935592710971841
231	0.3020855486392975	0.3414414757490159	0.04935592710971841
232	0.3020855486392975	0.3414414757490159	0.04935592710971841
233	0.3020855486392975	0.3414414757490159	0.04935592710971841
234	0.3020869195461273	0.34144284665584573	0.04935592710971841
235	0.30208876729011536	0.34144469439983377	0.04935592710971841
236	0.3020898699760437	0.3414457970857621	0.04935592710971841
237	0.30209192633628845	0.34144785344600687	0.04935592710971841
238	0.30057671666145325	0.3414591157436372	0.05088239908218393
239	0.3021046221256256	0.341460549235344	0.04935592710971841
240	0.30261653661727905	0.3414636397361756	0.04884710311889657
241	0.30058810114860535	0.3414705002307893	0.05088239908218393
242	0.30211517214775085	0.34147109925746927	0.04935592710971841
243	0.30160772800445557	0.3414724791049958	0.04986475110054025
244	0.3021165728569031	0.3414724999666215	0.04935592710971841
245	0.30148789286613464	0.34135264396667486	0.04986475110054025
246	0.30008190870285034	0.3414731317758561	0.05139122307300577
247	0.3000819683074951	0.34147319138050086	0.05139122307300577
248	0.3000822067260742	0.34147342979907996	0.05139122307300577
249	0.30211779475212097	0.3414737218618394	0.04935592710971841
250	0.30110225081443787	0.34147582590579995	0.05037357509136209
251	0.3021206855773926	0.341476612687111	0.04935592710971841
252	0.3000856637954712	0.34147688686847694	0.05139122307300577
253	0.30212169885635376	0.3414776259660722	0.04935592710971841
254	0.3000868558883667	0.34147807896137244	0.05139122307300577
255	0.3000878691673279	0.3414790922403336	0.05139122307300577
256	0.3021232783794403	0.3414792054891587	0.04935592710971841
257	0.3000890612602234	0.34148028433322913	0.05139122307300577
258	0.3000890612602234	0.34148028433322913	0.05139122307300577
259	0.3000890612602234	0.34148028433322913	0.05139122307300577
260	0.3000890612602234	0.34148028433322913	0.05139122307300577
261	0.3000890612602234	0.34148028433322913	0.05139122307300577
262	0.3000890612602234	0.34148028433322913	0.05139122307300577
263	0.3000890612602234	0.34148028433322913	0.05139122307300577
264	0.3000890612602234	0.34148028433322913	0.05139122307300577
265	0.3000890612602234	0.34148028433322913	0.05139122307300577
266	0.3000890612602234	0.34148028433322913	0.05139122307300577
267	0.3000890612602234	0.34148028433322913	0.05139122307300577
268	0.3000890612602234	0.34148028433322913	0.05139122307300577
269	0.3000890612602234	0.34148028433322913	0.05139122307300577
270	0.3000890612602234	0.34148028433322913	0.05139122307300577
271	0.3000890612602234	0.34148028433322913	0.05139122307300577
272	0.3000890612602234	0.34148028433322913	0.05139122307300577
273	0.3000890612602234	0.34148028433322913	0.05139122307300577
274	0.3000890612602234	0.34148028433322913	0.05139122307300577
275	0.3000890612602234	0.34148028433322913	0.05139122307300577
276	0.3000890612602234	0.34148028433322913	0.05139122307300577
277	0.3000890612602234	0.34148028433322913	0.05139122307300577
278	0.3000890612602234	0.34148028433322913	0.05139122307300577
279	0.3000890612602234	0.34148028433322913	0.05139122307300577
280	0.3000890612602234	0.34148028433322913	0.05139122307300577
281	0.3000890612602234	0.34148028433322913	0.05139122307300577
282	0.3000890612602234	0.34148028433322913	0.05139122307300577
283	0.3000890612602234	0.34148028433322913	0.05139122307300577
284	0.3000890612602234	0.34148028433322913	0.05139122307300577
285	0.3000890612602234	0.34148028433322913	0.05139122307300577
286	0.3000890612602234	0.34148028433322913	0.05139122307300577
287	0.3000890612602234	0.34148028433322913	0.05139122307300577
288	0.2995803654193878	0.3414804124832154	0.05190004706382761
289	0.3000899851322174	0.34148120820522315	0.05139122307300577
290	0.3021254539489746	0.341481381058693	0.04935592710971841
291	0.30009111762046814	0.3414823406934739	0.05139122307300577
292	0.30212652683258057	0.341482453942299	0.04935592710971841
293	0.301109254360199	0.34148282945156105	0.05037357509136209
294	0.3000916540622711	0.34148287713527686	0.05139122307300577
295	0.3006005883216858	0.34148298740386973	0.05088239908218393
296	0.30212706327438354	0.34148299038410196	0.04935592710971841
297	0.30009204149246216	0.3414832645654679	0.05139122307300577
298	0.30212754011154175	0.34148346722126016	0.04935592710971841
299	0.30212754011154175	0.34148346722126016	0.04935592710971841
300	0.30212754011154175	0.34148346722126016	0.04935592710971841
301	0.30212754011154175	0.34148346722126016	0.04935592710971841
302	0.30212754011154175	0.34148346722126016	0.04935592710971841
303	0.30212754011154175	0.34148346722126016	0.04935592710971841
304	0.30212754011154175	0.34148346722126016	0.04935592710971841
305	0.30212754011154175	0.34148346722126016	0.04935592710971841
306	0.30212754011154175	0.34148346722126016	0.04935592710971841
307	0.30212754011154175	0.34148346722126016	0.04935592710971841
308	0.30212754011154175	0.34148346722126016	0.04935592710971841
309	0.30212754011154175	0.34148346722126016	0.04935592710971841
310	0.30212754011154175	0.34148346722126016	0.04935592710971841
311	0.30212754011154175	0.34148346722126016	0.04935592710971841
312	0.30212754011154175	0.34148346722126016	0.04935592710971841
313	0.30212754011154175	0.34148346722126016	0.04935592710971841
314	0.30212754011154175	0.34148346722126016	0.04935592710971841
315	0.30212754011154175	0.34148346722126016	0.04935592710971841
316	0.30212754011154175	0.34148346722126016	0.04935592710971841
317	0.30212754011154175	0.34148346722126016	0.04935592710971841
318	0.30212754011154175	0.34148346722126016	0.04935592710971841
319	0.30212754011154175	0.34148346722126016	0.04935592710971841
320	0.30212754011154175	0.34148346722126016	0.04935592710971841
321	0.30212754011154175	0.34148346722126016	0.04935592710971841
322	0.30212754011154175	0.34148346722126016	0.04935592710971841
323	0.30212754011154175	0.34148346722126016	0.04935592710971841
324	0.30212754011154175	0.34148346722126016	0.04935592710971841
325	0.30212754011154175	0.34148346722126016	0.04935592710971841
326	0.30212754011154175	0.34148346722126016	0.04935592710971841
327	0.30212754011154175	0.34148346722126016	0.04935592710971841
328	0.30212754011154175	0.34148346722126016	0.04935592710971841
329	0.3000933825969696	0.34148460566997535	0.05139122307300577
330	0.3011113107204437	0.3414848858118058	0.05037357509136209
331	0.3021291494369507	0.3414850765466691	0.04935592710971841
332	0.30111342668533325	0.34148700177669533	0.05037357509136209
333	0.30213144421577454	0.34148737132549295	0.04935592710971841
334	0.30009710788726807	0.3414883309602738	0.05139122307300577
335	0.3021326959133148	0.34148862302303323	0.04935592710971841
336	0.3000974953174591	0.34148871839046485	0.05139122307300577
337	0.30009785294532776	0.3414890760183335	0.05139122307300577
338	0.3011157214641571	0.3414892965555192	0.05037357509136209
339	0.3011157214641571	0.3414892965555192	0.05037357509136209
340	0.3011157214641571	0.3414892965555192	0.05037357509136209
341	0.3011157214641571	0.3414892965555192	0.05037357509136209
342	0.3011157214641571	0.3414892965555192	0.05037357509136209
343	0.3011157214641571	0.3414892965555192	0.05037357509136209
344	0.3011157214641571	0.3414892965555192	0.05037357509136209
345	0.3011157214641571	0.3414892965555192	0.05037357509136209
346	0.3011157214641571	0.3414892965555192	0.05037357509136209
347	0.3011157214641571	0.3414892965555192	0.05037357509136209
348	0.3011157214641571	0.3414892965555192	0.05037357509136209
349	0.3011157214641571	0.3414892965555192	0.05037357509136209
350	0.3011157214641571	0.3414892965555192	0.05037357509136209
351	0.3011157214641571	0.3414892965555192	0.05037357509136209
352	0.3011157214641571	0.3414892965555192	0.05037357509136209
353	0.3011157214641571	0.3414892965555192	0.05037357509136209
354	0.3011157214641571	0.3414892965555192	0.05037357509136209
355	0.3011157214641571	0.3414892965555192	0.05037357509136209
356	0.3011157214641571	0.3414892965555192	0.05037357509136209
357	0.3011157214641571	0.3414892965555192	0.05037357509136209
358	0.3011157214641571	0.3414892965555192	0.05037357509136209
359	0.3011157214641571	0.3414892965555192	0.05037357509136209
360	0.3011157214641571	0.3414892965555192	0.05037357509136209
361	0.3011157214641571	0.3414892965555192	0.05037357509136209
362	0.3011157214641571	0.3414892965555192	0.05037357509136209
363	0.3011157214641571	0.3414892965555192	0.05037357509136209
364	0.3011157214641571	0.3414892965555192	0.05037357509136209
365	0.3011157214641571	0.3414892965555192	0.05037357509136209
366	0.3011157214641571	0.3414892965555192	0.05037357509136209
367	0.3011157214641571	0.3414892965555192	0.05037357509136209
368	0.3011157214641571	0.3414892965555192	0.05037357509136209
369	0.3000994622707367	0.34149068534374244	0.05139122307300577
370	0.3011172413825989	0.34149081647396096	0.05037357509136209
371	0.3011174499988556	0.34149102509021767	0.05037357509136209
372	0.3021352291107178	0.3414911562204362	0.04935592710971841
373	0.30111974477767944	0.3414933198690415	0.05037357509136209
374	0.30112141370773315	0.34149498879909523	0.05037357509136209
375	0.3016321659088135	0.3414969170093537	0.04986475110054025
376	0.3011239767074585	0.3414975517988206	0.05037357509136209
377	0.3031601011753082	0.341498380303383	0.04833827912807473
378	0.3011259138584137	0.3414994889497758	0.05037357509136209
379	0.29959988594055176	0.34149993300437936	0.05190004706382761
380	0.3021460771560669	0.3415020042657853	0.04935592710971841
381	0.3016396760940552	0.3415044271945954	0.04986475110054025
382	0.30164170265197754	0.34150645375251776	0.04986475110054025
383	0.30215099453926086	0.3415069216489793	0.04935592710971841
384	0.30316945910453796	0.3415077382326127	0.04833827912807473
385	0.3016441762447357	0.34150892734527594	0.04986475110054025
386	0.3021531403064728	0.3415090674161912	0.04935592710971841
387	0.3031715154647827	0.34150979459285746	0.04833827912807473
388	0.2996112108230591	0.3415112578868867	0.05190004706382761
389	0.3016466200351715	0.3415113711357117	0.04986475110054025
390	0.3016466200351715	0.3415113711357117	0.04986475110054025
391	0.3016466200351715	0.3415113711357117	0.04986475110054025
392	0.3016466200351715	0.3415113711357117	0.04986475110054025
393	0.3016466200351715	0.3415113711357117	0.04986475110054025
394	0.3016466200351715	0.3415113711357117	0.04986475110054025
395	0.3016466200351715	0.3415113711357117	0.04986475110054025
396	0.3016466200351715	0.3415113711357117	0.04986475110054025
397	0.3016466200351715	0.3415113711357117	0.04986475110054025
398	0.3016466200351715	0.3415113711357117	0.04986475110054025
399	0.3016466200351715	0.3415113711357117	0.04986475110054025
400	0.3016466200351715	0.3415113711357117	0.04986475110054025
401	0.3016466200351715	0.3415113711357117	0.04986475110054025
402	0.3016466200351715	0.3415113711357117	0.04986475110054025
403	0.3016466200351715	0.3415113711357117	0.04986475110054025
404	0.3016466200351715	0.3415113711357117	0.04986475110054025
405	0.3016466200351715	0.3415113711357117	0.04986475110054025
406	0.3016466200351715	0.3415113711357117	0.04986475110054025
407	0.3016466200351715	0.3415113711357117	0.04986475110054025
408	0.3016466200351715	0.3415113711357117	0.04986475110054025
409	0.3016466200351715	0.3415113711357117	0.04986475110054025
410	0.3016466200351715	0.3415113711357117	0.04986475110054025
411	0.3016466200351715	0.3415113711357117	0.04986475110054025
412	0.3016466200351715	0.3415113711357117	0.04986475110054025
413	0.3016466200351715	0.3415113711357117	0.04986475110054025
414	0.3016466200351715	0.3415113711357117	0.04986475110054025
415	0.3016466200351715	0.3415113711357117	0.04986475110054025
416	0.3016466200351715	0.3415113711357117	0.04986475110054025
417	0.3016466200351715	0.3415113711357117	0.04986475110054025
418	0.3016466200351715	0.3415113711357117	0.04986475110054025
419	0.3016466200351715	0.3415113711357117	0.04986475110054025
420	0.3031748831272125	0.3415131622552873	0.04833827912807473
421	0.30164843797683716	0.3415131890773774	0.04986475110054025
422	0.302157998085022	0.3415139251947404	0.04935592710971841
423	0.3021594285964966	0.341515355706215	0.04935592710971841
424	0.3016510605812073	0.3415158116817475	0.04986475110054025
425	0.30317792296409607	0.3415162020921708	0.04833827912807473
426	0.30317792296409607	0.3415162020921708	0.04833827912807473
427	0.30317792296409607	0.3415162020921708	0.04833827912807473
428	0.30317792296409607	0.3415162020921708	0.04833827912807473
429	0.30317792296409607	0.3415162020921708	0.04833827912807473
430	0.30317792296409607	0.3415162020921708	0.04833827912807473
431	0.30317792296409607	0.3415162020921708	0.04833827912807473
432	0.30317792296409607	0.3415162020921708	0.04833827912807473
433	0.30317792296409607	0.3415162020921708	0.04833827912807473
434	0.30317792296409607	0.3415162020921708	0.04833827912807473
435	0.30317792296409607	0.3415162020921708	0.04833827912807473
436	0.30317792296409607	0.3415162020921708	0.04833827912807473
437	0.30317792296409607	0.3415162020921708	0.04833827912807473
438	0.30317792296409607	0.3415162020921708	0.04833827912807473
439	0.30317792296409607	0.3415162020921708	0.04833827912807473
440	0.30317792296409607	0.3415162020921708	0.04833827912807473
441	0.30317792296409607	0.3415162020921708	0.04833827912807473
442	0.30317792296409607	0.3415162020921708	0.04833827912807473
443	0.30317792296409607	0.3415162020921708	0.04833827912807473
444	0.30317792296409607	0.3415162020921708	0.04833827912807473
445	0.30317792296409607	0.3415162020921708	0.04833827912807473
446	0.30317792296409607	0.3415162020921708	0.04833827912807473
447	0.30317792296409607	0.3415162020921708	0.04833827912807473
448	0.30317792296409607	0.3415162020921708	0.04833827912807473
449	0.30317792296409607	0.3415162020921708	0.04833827912807473
450	0.30317792296409607	0.3415162020921708	0.04833827912807473
451	0.30317792296409607	0.3415162020921708	0.04833827912807473
452	0.30317792296409607	0.3415162020921708	0.04833827912807473
453	0.30317792296409607	0.3415162020921708	0.04833827912807473
454	0.30317792296409607	0.3415162020921708	0.04833827912807473
455	0.30317792296409607	0.3415162020921708	0.04833827912807473
456	0.30063381791114807	0.341516216993332	0.05088239908218393
457	0.3006345331668854	0.3415169322490693	0.05088239908218393
458	0.3016526699066162	0.34151742100715643	0.04986475110054025
459	0.3021618723869324	0.3415177994966508	0.04935592710971841
460	0.3031802177429199	0.34151849687099467	0.04833827912807473
461	0.30216413736343384	0.34152006447315225	0.04935592710971841
462	0.30216413736343384	0.34152006447315225	0.04935592710971841
463	0.30216413736343384	0.34152006447315225	0.04935592710971841
464	0.30216413736343384	0.34152006447315225	0.04935592710971841
465	0.30216413736343384	0.34152006447315225	0.04935592710971841
466	0.30216413736343384	0.34152006447315225	0.04935592710971841
467	0.30216413736343384	0.34152006447315225	0.04935592710971841
468	0.30216413736343384	0.34152006447315225	0.04935592710971841
469	0.30216413736343384	0.34152006447315225	0.04935592710971841
470	0.30216413736343384	0.34152006447315225	0.04935592710971841
471	0.30216413736343384	0.34152006447315225	0.04935592710971841
472	0.30216413736343384	0.34152006447315225	0.04935592710971841
473	0.30216413736343384	0.34152006447315225	0.04935592710971841
474	0.30216413736343384	0.34152006447315225	0.04935592710971841
475	0.30216413736343384	0.34152006447315225	0.04935592710971841
476	0.30216413736343384	0.34152006447315225	0.04935592710971841
477	0.30216413736343384	0.34152006447315225	0.04935592710971841
478	0.30216413736343384	0.34152006447315225	0.04935592710971841
479	0.30216413736343384	0.34152006447315225	0.04935592710971841
480	0.30216413736343384	0.34152006447315225	0.04935592710971841
481	0.30216413736343384	0.34152006447315225	0.04935592710971841
482	0.30216413736343384	0.34152006447315225	0.04935592710971841
483	0.30216413736343384	0.34152006447315225	0.04935592710971841
484	0.30216413736343384	0.34152006447315225	0.04935592710971841
485	0.30216413736343384	0.34152006447315225	0.04935592710971841
486	0.30216413736343384	0.34152006447315225	0.04935592710971841
487	0.30216413736343384	0.34152006447315225	0.04935592710971841
488	0.30216413736343384	0.34152006447315225	0.04935592710971841
489	0.30216413736343384	0.34152006447315225	0.04935592710971841
490	0.30216413736343384	0.34152006447315225	0.04935592710971841
491	0.30216413736343384	0.34152006447315225	0.04935592710971841
492	0.30165553092956543	0.34152028203010565	0.04986475110054025
493	0.30063870549201965	0.3415211045742036	0.05088239908218393
494	0.30216580629348755	0.34152173340320596	0.04935592710971841
495	0.3031836748123169	0.34152195394039164	0.04833827912807473
496	0.30063989758491516	0.3415222966670991	0.05088239908218393
497	0.30064114928245544	0.3415235483646394	0.05088239908218393
498	0.3031853437423706	0.34152362287044535	0.04833827912807473
499	0.3021683990955353	0.3415243262052537	0.04935592710971841
500	0.3006424903869629	0.34152488946914683	0.05088239908218393
501	0.3006424903869629	0.34152488946914683	0.05088239908218393
502	0.3006424903869629	0.34152488946914683	0.05088239908218393
503	0.3006424903869629	0.34152488946914683	0.05088239908218393
504	0.3006424903869629	0.34152488946914683	0.05088239908218393
505	0.3006424903869629	0.34152488946914683	0.05088239908218393
506	0.3006424903869629	0.34152488946914683	0.05088239908218393
507	0.3006424903869629	0.34152488946914683	0.05088239908218393
508	0.3006424903869629	0.34152488946914683	0.05088239908218393
509	0.3006424903869629	0.34152488946914683	0.05088239908218393
510	0.3006424903869629	0.34152488946914683	0.05088239908218393
511	0.3006424903869629	0.34152488946914683	0.05088239908218393
512	0.3006424903869629	0.34152488946914683	0.05088239908218393
513	0.3006424903869629	0.34152488946914683	0.05088239908218393
514	0.3006424903869629	0.34152488946914683	0.05088239908218393
515	0.3006424903869629	0.34152488946914683	0.05088239908218393
516	0.3006424903869629	0.34152488946914683	0.05088239908218393
517	0.3006424903869629	0.34152488946914683	0.05088239908218393
518	0.3006424903869629	0.34152488946914683	0.05088239908218393
519	0.3006424903869629	0.34152488946914683	0.05088239908218393
520	0.3006424903869629	0.34152488946914683	0.05088239908218393
521	0.3006424903869629	0.34152488946914683	0.05088239908218393
522	0.3006424903869629	0.34152488946914683	0.05088239908218393
523	0.3006424903869629	0.34152488946914683	0.05088239908218393
524	0.3006424903869629	0.34152488946914683	0.05088239908218393
525	0.3006424903869629	0.34152488946914683	0.05088239908218393
526	0.3006424903869629	0.34152488946914683	0.05088239908218393
527	0.3006424903869629	0.34152488946914683	0.05088239908218393
528	0.3006424903869629	0.34152488946914683	0.05088239908218393
529	0.3006424903869629	0.34152488946914683	0.05088239908218393
530	0.3006424903869629	0.34152488946914683	0.05088239908218393
531	0.3016605079174042	0.3415252590179444	0.04986475110054025
532	0.302169531583786	0.3415254586935044	0.04935592710971841
533	0.30064356327056885	0.3415259623527528	0.05088239908218393
534	0.3006448447704315	0.34152724385261546	0.05088239908218393
535	0.3031890392303467	0.34152731835842143	0.04833827912807473
536	0.3021722435951233	0.3415281707048417	0.04935592710971841
537	0.3006457984447479	0.34152819752693186	0.05088239908218393
538	0.3011561632156372	0.3415297383069993	0.05037357509136209
539	0.3006473779678345	0.3415297770500184	0.05088239908218393
540	0.3006477653980255	0.34153016448020945	0.05088239908218393
541	0.29963037371635437	0.341530420780182	0.05190004706382761
542	0.3006485402584076	0.34153093934059153	0.05088239908218393
543	0.30013346672058105	0.3415246897935868	0.05139122307300577
544	0.3006494641304016	0.34153186321258555	0.05088239908218393
545	0.3006528615951538	0.34153526067733775	0.05088239908218393
546	0.3021802604198456	0.341536187529564	0.04935592710971841
547	0.3006538450717926	0.34153624415397654	0.05088239908218393
548	0.300653874874115	0.34153627395629893	0.05088239908218393
549	0.3006547689437866	0.34153716802597056	0.05088239908218393
550	0.3011637330055237	0.34153730809688576	0.05037357509136209
551	0.3006558418273926	0.3415382409095765	0.05088239908218393
552	0.3006558418273926	0.3415382409095765	0.05088239908218393
553	0.3006558418273926	0.3415382409095765	0.05088239908218393
554	0.3006558418273926	0.3415382409095765	0.05088239908218393
555	0.3006558418273926	0.3415382409095765	0.05088239908218393
556	0.3006558418273926	0.3415382409095765	0.05088239908218393
557	0.3006558418273926	0.3415382409095765	0.05088239908218393
558	0.3006558418273926	0.3415382409095765	0.05088239908218393
559	0.3006558418273926	0.3415382409095765	0.05088239908218393
560	0.3006558418273926	0.3415382409095765	0.05088239908218393
561	0.3006558418273926	0.3415382409095765	0.05088239908218393
562	0.3006558418273926	0.3415382409095765	0.05088239908218393
563	0.3006558418273926	0.3415382409095765	0.05088239908218393
564	0.3006558418273926	0.3415382409095765	0.05088239908218393
565	0.3006558418273926	0.3415382409095765	0.05088239908218393
566	0.3006558418273926	0.3415382409095765	0.05088239908218393
567	0.3006558418273926	0.3415382409095765	0.05088239908218393
568	0.3006558418273926	0.3415382409095765	0.05088239908218393
569	0.3006558418273926	0.3415382409095765	0.05088239908218393
570	0.3006558418273926	0.3415382409095765	0.05088239908218393
571	0.3006558418273926	0.3415382409095765	0.05088239908218393
572	0.3006558418273926	0.3415382409095765	0.05088239908218393
573	0.3006558418273926	0.3415382409095765	0.05088239908218393
574	0.3006558418273926	0.3415382409095765	0.05088239908218393
575	0.3006558418273926	0.3415382409095765	0.05088239908218393
576	0.3006558418273926	0.3415382409095765	0.05088239908218393
577	0.3006558418273926	0.3415382409095765	0.05088239908218393
578	0.3006558418273926	0.3415382409095765	0.05088239908218393
579	0.3006558418273926	0.3415382409095765	0.05088239908218393
580	0.3006558418273926	0.3415382409095765	0.05088239908218393
581	0.3006558418273926	0.3415382409095765	0.05088239908218393
582	0.3021823465824127	0.34153827369213113	0.04935592710971841
583	0.3032000660896301	0.3415383452177049	0.04833827912807473
584	0.30065667629241943	0.3415390753746034	0.05088239908218393
585	0.300657719373703	0.34154011845588694	0.05088239908218393
586	0.3006584942340851	0.341540893316269	0.05088239908218393
587	0.300659716129303	0.3415421152114869	0.05088239908218393
588	0.30066174268722534	0.3415441417694093	0.05088239908218393
589	0.3006632626056671	0.34154566168785105	0.05088239908218393
590	0.3006662428379059	0.3415486419200898	0.05088239908218393
591	0.3006671667098999	0.34154956579208384	0.05088239908218393
592	0.30066734552383423	0.34154974460601817	0.05088239908218393
593	0.30066779255867004	0.341550191640854	0.05088239908218393
594	0.3006688058376312	0.34155120491981517	0.05088239908218393
595	0.30067023634910583	0.3415526354312898	0.05088239908218393
596	0.30067023634910583	0.3415526354312898	0.05088239908218393
597	0.30067023634910583	0.3415526354312898	0.05088239908218393
598	0.30067023634910583	0.3415526354312898	0.05088239908218393
599	0.30067023634910583	0.3415526354312898	0.05088239908218393
600	0.30067023634910583	0.3415526354312898	0.05088239908218393
601	0.30067023634910583	0.3415526354312898	0.05088239908218393
602	0.30067023634910583	0.3415526354312898	0.05088239908218393
603	0.30067023634910583	0.3415526354312898	0.05088239908218393
604	0.30067023634910583	0.3415526354312898	0.05088239908218393
605	0.30067023634910583	0.3415526354312898	0.05088239908218393
606	0.30067023634910583	0.3415526354312898	0.05088239908218393
607	0.30067023634910583	0.3415526354312898	0.05088239908218393
608	0.30067023634910583	0.3415526354312898	0.05088239908218393
609	0.30067023634910583	0.3415526354312898	0.05088239908218393
610	0.30067023634910583	0.3415526354312898	0.05088239908218393
611	0.30067023634910583	0.3415526354312898	0.05088239908218393
612	0.30067023634910583	0.3415526354312898	0.05088239908218393
613	0.30067023634910583	0.3415526354312898	0.05088239908218393
614	0.30067023634910583	0.3415526354312898	0.05088239908218393
615	0.30067023634910583	0.3415526354312898	0.05088239908218393
616	0.30067023634910583	0.3415526354312898	0.05088239908218393
617	0.30067023634910583	0.3415526354312898	0.05088239908218393
618	0.30067023634910583	0.3415526354312898	0.05088239908218393
619	0.30067023634910583	0.3415526354312898	0.05088239908218393
620	0.30067023634910583	0.3415526354312898	0.05088239908218393
621	0.30067023634910583	0.3415526354312898	0.05088239908218393
622	0.30067023634910583	0.3415526354312898	0.05088239908218393
623	0.30067023634910583	0.3415526354312898	0.05088239908218393
624	0.30067023634910583	0.3415526354312898	0.05088239908218393
625	0.30067023634910583	0.3415526354312898	0.05088239908218393
626	0.3006713390350342	0.3415537381172181	0.05088239908218393
627	0.30067282915115356	0.3415552282333375	0.05088239908218393
628	0.3011819124221802	0.34155548751354226	0.05037357509136209
629	0.3006736934185028	0.34155609250068675	0.05088239908218393
630	0.3011839687824249	0.341557543873787	0.05037357509136209
631	0.3006753921508789	0.34155779123306285	0.05088239908218393
632	0.3032209277153015	0.34155920684337626	0.04833827912807473
633	0.29966020584106445	0.34156025290489206	0.05190004706382761
634	0.30118945240974426	0.34156302750110634	0.05037357509136209
635	0.30068135261535645	0.3415637516975404	0.05088239908218393
636	0.3006816506385803	0.34156404972076426	0.05088239908218393
637	0.30068308115005493	0.34156548023223887	0.05088239908218393
638	0.30170372128486633	0.34156847238540655	0.04986475110054025
639	0.300688773393631	0.3415711724758149	0.05088239908218393
640	0.3006904125213623	0.34157281160354624	0.05088239908218393
641	0.30221793055534363	0.34157385766506204	0.04935592710971841
642	0.302218496799469	0.3415744239091874	0.04935592710971841
643	0.30069589614868164	0.3415782952308656	0.05088239908218393
644	0.30171456933021545	0.3415793204307557	0.04986475110054025
645	0.30120691657066345	0.34158049166202553	0.05037357509136209
646	0.3022291958332062	0.3415851229429246	0.04935592710971841
647	0.3012121915817261	0.34158576667308815	0.05037357509136209
648	0.30172258615493774	0.34158733725547796	0.04986475110054025
649	0.30223172903060913	0.34158765614032754	0.04935592710971841
650	0.30019739270210266	0.3415886157751084	0.05139122307300577
651	0.30172455310821533	0.34158930420875555	0.04986475110054025
652	0.30223411321640015	0.34159004032611856	0.04935592710971841
653	0.30019986629486084	0.3415910893678666	0.05139122307300577
654	0.3002004027366638	0.34159162580966956	0.05139122307300577
655	0.301727294921875	0.3415920460224152	0.04986475110054025
656	0.30172988772392273	0.34159463882446295	0.04986475110054025
657	0.30172988772392273	0.34159463882446295	0.04986475110054025
658	0.30172988772392273	0.34159463882446295	0.04986475110054025
659	0.30172988772392273	0.34159463882446295	0.04986475110054025
660	0.30172988772392273	0.34159463882446295	0.04986475110054025
661	0.30172988772392273	0.34159463882446295	0.04986475110054025
662	0.30172988772392273	0.34159463882446295	0.04986475110054025
663	0.30172988772392273	0.34159463882446295	0.04986475110054025
664	0.30172988772392273	0.34159463882446295	0.04986475110054025
665	0.30172988772392273	0.34159463882446295	0.04986475110054025
666	0.30172988772392273	0.34159463882446295	0.04986475110054025
667	0.30172988772392273	0.34159463882446295	0.04986475110054025
668	0.30172988772392273	0.34159463882446295	0.04986475110054025
669	0.30172988772392273	0.34159463882446295	0.04986475110054025
670	0.30172988772392273	0.34159463882446295	0.04986475110054025
671	0.30172988772392273	0.34159463882446295	0.04986475110054025
672	0.30172988772392273	0.34159463882446295	0.04986475110054025
673	0.30172988772392273	0.34159463882446295	0.04986475110054025
674	0.30172988772392273	0.34159463882446295	0.04986475110054025
675	0.30172988772392273	0.34159463882446295	0.04986475110054025
676	0.30172988772392273	0.34159463882446295	0.04986475110054025
677	0.30172988772392273	0.34159463882446295	0.04986475110054025
678	0.30172988772392273	0.34159463882446295	0.04986475110054025
679	0.30172988772392273	0.34159463882446295	0.04986475110054025
680	0.30172988772392273	0.34159463882446295	0.04986475110054025
681	0.30172988772392273	0.34159463882446295	0.04986475110054025
682	0.30172988772392273	0.34159463882446295	0.04986475110054025
683	0.30172988772392273	0.34159463882446295	0.04986475110054025
684	0.30172988772392273	0.34159463882446295	0.04986475110054025
685	0.30172988772392273	0.34159463882446295	0.04986475110054025
686	0.30172988772392273	0.34159463882446295	0.04986475110054025
687	0.3017318546772003	0.34159660577774054	0.04986475110054025
688	0.3017347455024719	0.34159949660301214	0.04986475110054025
689	0.3017362654209137	0.3416010165214539	0.04986475110054025
690	0.3022460341453552	0.34160196125507364	0.04935592710971841
691	0.3017393946647644	0.3416041457653046	0.04986475110054025
692	0.303266704082489	0.34160498321056376	0.04833827912807473
693	0.3017435371875763	0.3416082882881165	0.04986475110054025
694	0.30021795630455017	0.3416091793775559	0.05139122307300577
695	0.3027622699737549	0.34160937309265144	0.04884710311889657
696	0.3022538125514984	0.3416097396612168	0.04935592710971841
697	0.3012380301952362	0.3416116052865983	0.05037357509136209
698	0.3022557199001312	0.34161164700984964	0.04935592710971841
699	0.30123841762542725	0.3416119927167893	0.05037357509136209
700	0.30225837230682373	0.34161429941654214	0.04935592710971841
701	0.3022608757019043	0.3416168028116227	0.04935592710971841
702	0.3022608757019043	0.3416168028116227	0.04935592710971841
703	0.3022608757019043	0.3416168028116227	0.04935592710971841
704	0.3022608757019043	0.3416168028116227	0.04935592710971841
705	0.3022608757019043	0.3416168028116227	0.04935592710971841
706	0.3022608757019043	0.3416168028116227	0.04935592710971841
707	0.3022608757019043	0.3416168028116227	0.04935592710971841
708	0.3022608757019043	0.3416168028116227	0.04935592710971841
709	0.3022608757019043	0.3416168028116227	0.04935592710971841
710	0.3022608757019043	0.3416168028116227	0.04935592710971841
711	0.3022608757019043	0.3416168028116227	0.04935592710971841
712	0.3022608757019043	0.3416168028116227	0.04935592710971841
713	0.3022608757019043	0.3416168028116227	0.04935592710971841
714	0.3022608757019043	0.3416168028116227	0.04935592710971841
715	0.3022608757019043	0.3416168028116227	0.04935592710971841
716	0.3022608757019043	0.3416168028116227	0.04935592710971841
717	0.3022608757019043	0.3416168028116227	0.04935592710971841
718	0.3022608757019043	0.3416168028116227	0.04935592710971841
719	0.3022608757019043	0.3416168028116227	0.04935592710971841
720	0.3022608757019043	0.3416168028116227	0.04935592710971841
721	0.3022608757019043	0.3416168028116227	0.04935592710971841
722	0.3022608757019043	0.3416168028116227	0.04935592710971841
723	0.3022608757019043	0.3416168028116227	0.04935592710971841
724	0.3022608757019043	0.3416168028116227	0.04935592710971841
725	0.3022608757019043	0.3416168028116227	0.04935592710971841
726	0.3022608757019043	0.3416168028116227	0.04935592710971841
727	0.3022608757019043	0.3416168028116227	0.04935592710971841
728	0.3022608757019043	0.3416168028116227	0.04935592710971841
729	0.3022608757019043	0.3416168028116227	0.04935592710971841
730	0.3022608757019043	0.3416168028116227	0.04935592710971841
731	0.3022608757019043	0.3416168028116227	0.04935592710971841
732	0.3022627830505371	0.3416187101602555	0.04935592710971841
733	0.2997192442417145	0.3416192913055421	0.05190004706382761
734	0.30277305841445923	0.3416201615333558	0.04884710311889657
735	0.3022655248641968	0.3416214519739152	0.04935592710971841
736	0.3007393181324005	0.34162171721458445	0.05088239908218393
737	0.3027758002281189	0.34162290334701545	0.04884710311889657
738	0.30226704478263855	0.34162297189235696	0.04935592710971841
739	0.3002318739891052	0.34162309706211097	0.05139122307300577
740	0.3002331852912903	0.34162440836429603	0.05139122307300577
741	0.3022700846195221	0.3416260117292405	0.04935592710971841
742	0.30277958512306213	0.3416266882419587	0.04884710311889657
743	0.29972827434539795	0.34162832140922555	0.05190004706382761
744	0.2992190718650818	0.3416279429197312	0.05240887105464945
745	0.3007465600967407	0.34162895917892466	0.05088239908218393
746	0.3027830719947815	0.34163017511367805	0.04884710311889657
747	0.3027830719947815	0.34163017511367805	0.04884710311889657
748	0.3027830719947815	0.34163017511367805	0.04884710311889657
749	0.3027830719947815	0.34163017511367805	0.04884710311889657
750	0.3027830719947815	0.34163017511367805	0.04884710311889657
751	0.3027830719947815	0.34163017511367805	0.04884710311889657
752	0.3027830719947815	0.34163017511367805	0.04884710311889657
753	0.3027830719947815	0.34163017511367805	0.04884710311889657
754	0.3027830719947815	0.34163017511367805	0.04884710311889657
755	0.3027830719947815	0.34163017511367805	0.04884710311889657
756	0.3027830719947815	0.34163017511367805	0.04884710311889657
757	0.3027830719947815	0.34163017511367805	0.04884710311889657
758	0.3027830719947815	0.34163017511367805	0.04884710311889657
759	0.3027830719947815	0.34163017511367805	0.04884710311889657
760	0.3027830719947815	0.34163017511367805	0.04884710311889657
761	0.3027830719947815	0.34163017511367805	0.04884710311889657
762	0.3027830719947815	0.34163017511367805	0.04884710311889657
763	0.3027830719947815	0.34163017511367805	0.04884710311889657
764	0.3027830719947815	0.34163017511367805	0.04884710311889657
765	0.3027830719947815	0.34163017511367805	0.04884710311889657
766	0.3027830719947815	0.34163017511367805	0.04884710311889657
767	0.3027830719947815	0.34163017511367805	0.04884710311889657
768	0.3027830719947815	0.34163017511367805	0.04884710311889657
769	0.3027830719947815	0.34163017511367805	0.04884710311889657
770	0.3027830719947815	0.34163017511367805	0.04884710311889657
771	0.3027830719947815	0.34163017511367805	0.04884710311889657
772	0.3027830719947815	0.34163017511367805	0.04884710311889657
773	0.3027830719947815	0.34163017511367805	0.04884710311889657
774	0.3027830719947815	0.34163017511367805	0.04884710311889657
775	0.3027830719947815	0.34163017511367805	0.04884710311889657
776	0.3027830719947815	0.34163017511367805	0.04884710311889657
777	0.30125725269317627	0.34163082778453835	0.05037357509136209
778	0.3027856945991516	0.34163279771804816	0.04884710311889657
779	0.3012601435184479	0.34163371860980996	0.05037357509136209
780	0.30075180530548096	0.3416342043876649	0.05088239908218393
781	0.3022783100605011	0.3416342371702195	0.04935592710971841
782	0.30227887630462646	0.3416348034143449	0.04935592710971841
783	0.30075332522392273	0.34163572430610667	0.05088239908218393
784	0.3002454340457916	0.34163665711879737	0.05139122307300577
785	0.3027896583080292	0.34163676142692573	0.04884710311889657
786	0.30126339197158813	0.3416369670629502	0.05037357509136209
787	0.3007549047470093	0.3416373038291932	0.05088239908218393
788	0.3022822439670563	0.3416381710767747	0.04935592710971841
789	0.30126503109931946	0.34163860619068154	0.05037357509136209
790	0.3027918338775635	0.34163893699646003	0.04884710311889657
791	0.30075663328170776	0.3416390323638917	0.05088239908218393
792	0.30075663328170776	0.3416390323638917	0.05088239908218393
793	0.30075663328170776	0.3416390323638917	0.05088239908218393
794	0.30075663328170776	0.3416390323638917	0.05088239908218393
795	0.30075663328170776	0.3416390323638917	0.05088239908218393
796	0.30075663328170776	0.3416390323638917	0.05088239908218393
797	0.30075663328170776	0.3416390323638917	0.05088239908218393
798	0.30075663328170776	0.3416390323638917	0.05088239908218393
799	0.30075663328170776	0.3416390323638917	0.05088239908218393
800	0.30075663328170776	0.3416390323638917	0.05088239908218393
801	0.30075663328170776	0.3416390323638917	0.05088239908218393
802	0.30075663328170776	0.3416390323638917	0.05088239908218393
803	0.30075663328170776	0.3416390323638917	0.05088239908218393
804	0.30075663328170776	0.3416390323638917	0.05088239908218393
805	0.30075663328170776	0.3416390323638917	0.05088239908218393
806	0.30075663328170776	0.3416390323638917	0.05088239908218393
807	0.30075663328170776	0.3416390323638917	0.05088239908218393
808	0.30075663328170776	0.3416390323638917	0.05088239908218393
809	0.30075663328170776	0.3416390323638917	0.05088239908218393
810	0.30075663328170776	0.3416390323638917	0.05088239908218393
811	0.30075663328170776	0.3416390323638917	0.05088239908218393
812	0.30075663328170776	0.3416390323638917	0.05088239908218393
813	0.30075663328170776	0.3416390323638917	0.05088239908218393
814	0.30075663328170776	0.3416390323638917	0.05088239908218393
815	0.30075663328170776	0.3416390323638917	0.05088239908218393
816	0.30075663328170776	0.3416390323638917	0.05088239908218393
817	0.30075663328170776	0.3416390323638917	0.05088239908218393
818	0.30075663328170776	0.3416390323638917	0.05088239908218393
819	0.30075663328170776	0.3416390323638917	0.05088239908218393
820	0.30075663328170776	0.3416390323638917	0.05088239908218393
821	0.30075663328170776	0.3416390323638917	0.05088239908218393
822	0.30075788497924805	0.341640284061432	0.05088239908218393
823	0.30126702785491943	0.3416406029462815	0.05037357509136209
824	0.3007585108280182	0.34164090991020213	0.05088239908218393
825	0.3002501428127289	0.3416413658857346	0.05139122307300577
826	0.30075958371162415	0.3416419827938081	0.05088239908218393
827	0.3012690544128418	0.3416426295042039	0.05037357509136209
828	0.3012690544128418	0.3416426295042039	0.05037357509136209
829	0.3012690544128418	0.3416426295042039	0.05037357509136209
830	0.3012690544128418	0.3416426295042039	0.05037357509136209
831	0.3012690544128418	0.3416426295042039	0.05037357509136209
832	0.3012690544128418	0.3416426295042039	0.05037357509136209
833	0.3012690544128418	0.3416426295042039	0.05037357509136209
834	0.3012690544128418	0.3416426295042039	0.05037357509136209
835	0.3012690544128418	0.3416426295042039	0.05037357509136209
836	0.3012690544128418	0.3416426295042039	0.05037357509136209
837	0.3012690544128418	0.3416426295042039	0.05037357509136209
838	0.3012690544128418	0.3416426295042039	0.05037357509136209
839	0.3012690544128418	0.3416426295042039	0.05037357509136209
840	0.3012690544128418	0.3416426295042039	0.05037357509136209
841	0.3012690544128418	0.3416426295042039	0.05037357509136209
842	0.3012690544128418	0.3416426295042039	0.05037357509136209
843	0.3012690544128418	0.3416426295042039	0.05037357509136209
844	0.3012690544128418	0.3416426295042039	0.05037357509136209
845	0.3012690544128418	0.3416426295042039	0.05037357509136209
846	0.3012690544128418	0.3416426295042039	0.05037357509136209
847	0.3012690544128418	0.3416426295042039	0.05037357509136209
848	0.3012690544128418	0.3416426295042039	0.05037357509136209
849	0.3012690544128418	0.3416426295042039	0.05037357509136209
850	0.3012690544128418	0.3416426295042039	0.05037357509136209
851	0.3012690544128418	0.3416426295042039	0.05037357509136209
852	0.3012690544128418	0.3416426295042039	0.05037357509136209
853	0.3012690544128418	0.3416426295042039	0.05037357509136209
854	0.3012690544128418	0.3416426295042039	0.05037357509136209
855	0.3012690544128418	0.3416426295042039	0.05037357509136209
856	0.3012690544128418	0.3416426295042039	0.05037357509136209
857	0.3012690544128418	0.3416426295042039	0.05037357509136209
858	0.30025166273117065	0.3416428858041764	0.05139122307300577
859	0.30279606580734253	0.3416431689262391	0.04884710311889657
860	0.30076077580451965	0.3416431748867036	0.05088239908218393
861	0.3012705445289612	0.34164411962032326	0.05037357509136209
862	0.3002530038356781	0.34164422690868385	0.05139122307300577
863	0.30076271295547485	0.3416451120376588	0.05088239908218393
864	0.3002545237541199	0.3416457468271256	0.05139122307300577
865	0.3002545237541199	0.3416457468271256	0.05139122307300577
866	0.3002545237541199	0.3416457468271256	0.05139122307300577
867	0.3002545237541199	0.3416457468271256	0.05139122307300577
868	0.3002545237541199	0.3416457468271256	0.05139122307300577
869	0.3002545237541199	0.3416457468271256	0.05139122307300577
870	0.3002545237541199	0.3416457468271256	0.05139122307300577
871	0.3002545237541199	0.3416457468271256	0.05139122307300577
872	0.3002545237541199	0.3416457468271256	0.05139122307300577
873	0.3002545237541199	0.3416457468271256	0.05139122307300577
874	0.3002545237541199	0.3416457468271256	0.05139122307300577
875	0.3002545237541199	0.3416457468271256	0.05139122307300577
876	0.3002545237541199	0.3416457468271256	0.05139122307300577
877	0.3002545237541199	0.3416457468271256	0.05139122307300577
878	0.3002545237541199	0.3416457468271256	0.05139122307300577
879	0.3002545237541199	0.3416457468271256	0.05139122307300577
880	0.3002545237541199	0.3416457468271256	0.05139122307300577
881	0.3002545237541199	0.3416457468271256	0.05139122307300577
882	0.3002545237541199	0.3416457468271256	0.05139122307300577
883	0.3002545237541199	0.3416457468271256	0.05139122307300577
884	0.3002545237541199	0.3416457468271256	0.05139122307300577
885	0.3002545237541199	0.3416457468271256	0.05139122307300577
886	0.3002545237541199	0.3416457468271256	0.05139122307300577
887	0.3002545237541199	0.3416457468271256	0.05139122307300577
888	0.3002545237541199	0.3416457468271256	0.05139122307300577
889	0.3002545237541199	0.3416457468271256	0.05139122307300577
890	0.3002545237541199	0.3416457468271256	0.05139122307300577
891	0.3002545237541199	0.3416457468271256	0.05139122307300577
892	0.3002545237541199	0.3416457468271256	0.05139122307300577
893	0.3002545237541199	0.3416457468271256	0.05139122307300577
894	0.3002545237541199	0.3416457468271256	0.05139122307300577
895	0.30127260088920593	0.341646175980568	0.05037357509136209
896	0.3022904396057129	0.3416463667154313	0.04935592710971841
897	0.3002557158470154	0.3416469389200211	0.05139122307300577
898	0.3028002679347992	0.34164737105369575	0.04884710311889657
899	0.3012739419937134	0.34164751708507546	0.05037357509136209
900	0.3022921681404114	0.3416480952501298	0.04935592710971841
901	0.3002571761608124	0.3416483992338181	0.05139122307300577
902	0.3002583682537079	0.34164959132671363	0.05139122307300577
903	0.2997497022151947	0.3416497492790223	0.05190004706382761
904	0.3012762665748596	0.3416498416662217	0.05037357509136209
905	0.3007674515247345	0.34164985060691844	0.05088239908218393
906	0.3022950291633606	0.341650956273079	0.04935592710971841
907	0.30026009678840637	0.3416513198614121	0.05139122307300577
908	0.30026206374168396	0.3416532868146897	0.05139122307300577
909	0.3022976815700531	0.3416536086797715	0.04935592710971841
910	0.3022976815700531	0.3416536086797715	0.04935592710971841
911	0.3022976815700531	0.3416536086797715	0.04935592710971841
912	0.3022976815700531	0.3416536086797715	0.04935592710971841
913	0.3022976815700531	0.3416536086797715	0.04935592710971841
914	0.3022976815700531	0.3416536086797715	0.04935592710971841
915	0.3022976815700531	0.3416536086797715	0.04935592710971841
916	0.3022976815700531	0.3416536086797715	0.04935592710971841
917	0.3022976815700531	0.3416536086797715	0.04935592710971841
918	0.3022976815700531	0.3416536086797715	0.04935592710971841
919	0.3022976815700531	0.3416536086797715	0.04935592710971841
920	0.3022976815700531	0.3416536086797715	0.04935592710971841
921	0.3022976815700531	0.3416536086797715	0.04935592710971841
922	0.3022976815700531	0.3416536086797715	0.04935592710971841
923	0.3022976815700531	0.3416536086797715	0.04935592710971841
924	0.3022976815700531	0.3416536086797715	0.04935592710971841
925	0.3022976815700531	0.3416536086797715	0.04935592710971841
926	0.3022976815700531	0.3416536086797715	0.04935592710971841
927	0.3022976815700531	0.3416536086797715	0.04935592710971841
928	0.3022976815700531	0.3416536086797715	0.04935592710971841
929	0.3022976815700531	0.3416536086797715	0.04935592710971841
930	0.3022976815700531	0.3416536086797715	0.04935592710971841
931	0.3022976815700531	0.3416536086797715	0.04935592710971841
932	0.3022976815700531	0.3416536086797715	0.04935592710971841
933	0.3022976815700531	0.3416536086797715	0.04935592710971841
934	0.3022976815700531	0.3416536086797715	0.04935592710971841
935	0.3022976815700531	0.3416536086797715	0.04935592710971841
936	0.3022976815700531	0.3416536086797715	0.04935592710971841
937	0.3022976815700531	0.3416536086797715	0.04935592710971841
938	0.3022976815700531	0.3416536086797715	0.04935592710971841
939	0.3022976815700531	0.3416536086797715	0.04935592710971841
940	0.3022996485233307	0.3416555756330491	0.04935592710971841
941	0.30230262875556946	0.34165855586528787	0.04935592710971841
942	0.3012853264808655	0.34165890157222756	0.05037357509136209
943	0.30230408906936646	0.34166001617908487	0.04935592710971841
944	0.3033219873905182	0.34166026651859294	0.04833827912807473
945	0.3002717196941376	0.3416629427671433	0.05139122307300577
946	0.3023071885108948	0.3416631156206132	0.04935592710971841
947	0.2992545962333679	0.34166346728801733	0.05240887105464945
948	0.300782173871994	0.34166457295417796	0.05088239908218393
949	0.3012946844100952	0.3416682595014573	0.05037357509136209
950	0.3007485270500183	0.34163092613220225	0.05088239908218393
951	0.30282196402549744	0.341669067144394	0.04884710311889657
952	0.30129608511924744	0.3416696602106095	0.05037357509136209
953	0.30180495977401733	0.34166971087455755	0.04986475110054025
954	0.30078762769699097	0.3416700267791749	0.05088239908218393
955	0.3012966811656952	0.34167025625705727	0.05037357509136209
956	0.30231544375419617	0.3416713708639146	0.04935592710971841
957	0.3007890284061432	0.34167142748832713	0.05088239908218393
958	0.3007907569408417	0.3416731560230256	0.05088239908218393
959	0.3007909953594208	0.3416733944416047	0.05088239908218393
960	0.30130118131637573	0.3416747564077378	0.05037357509136209
961	0.30079254508018494	0.3416749441623689	0.05088239908218393
962	0.30079254508018494	0.3416749441623689	0.05088239908218393
963	0.30079254508018494	0.3416749441623689	0.05088239908218393
964	0.30079254508018494	0.3416749441623689	0.05088239908218393
965	0.30079254508018494	0.3416749441623689	0.05088239908218393
966	0.30079254508018494	0.3416749441623689	0.05088239908218393
967	0.30079254508018494	0.3416749441623689	0.05088239908218393
968	0.30079254508018494	0.3416749441623689	0.05088239908218393
969	0.30079254508018494	0.3416749441623689	0.05088239908218393
970	0.30079254508018494	0.3416749441623689	0.05088239908218393
971	0.30079254508018494	0.3416749441623689	0.05088239908218393
972	0.30079254508018494	0.3416749441623689	0.05088239908218393
973	0.30079254508018494	0.3416749441623689	0.05088239908218393
974	0.30079254508018494	0.3416749441623689	0.05088239908218393
975	0.30079254508018494	0.3416749441623689	0.05088239908218393
976	0.30079254508018494	0.3416749441623689	0.05088239908218393
977	0.30079254508018494	0.3416749441623689	0.05088239908218393
978	0.30079254508018494	0.3416749441623689	0.05088239908218393
979	0.30079254508018494	0.3416749441623689	0.05088239908218393
980	0.30079254508018494	0.3416749441623689	0.05088239908218393
981	0.30079254508018494	0.3416749441623689	0.05088239908218393
982	0.30079254508018494	0.3416749441623689	0.05088239908218393
983	0.30079254508018494	0.3416749441623689	0.05088239908218393
984	0.30079254508018494	0.3416749441623689	0.05088239908218393
985	0.30079254508018494	0.3416749441623689	0.05088239908218393
986	0.30079254508018494	0.3416749441623689	0.05088239908218393
987	0.30079254508018494	0.3416749441623689	0.05088239908218393
988	0.30079254508018494	0.3416749441623689	0.05088239908218393
989	0.30079254508018494	0.3416749441623689	0.05088239908218393
990	0.30079254508018494	0.3416749441623689	0.05088239908218393
991	0.30079254508018494	0.3416749441623689	0.05088239908218393
992	0.30130240321159363	0.3416759783029557	0.05037357509136209
993	0.3007938861846924	0.3416762852668763	0.05088239908218393
994	0.3013031780719757	0.3416767531633378	0.05037357509136209
995	0.30130380392074585	0.34167737901210793	0.05037357509136209
996	0.30079570412635803	0.341678103208542	0.05088239908218393
997	0.30130523443222046	0.34167880952358254	0.05037357509136209
998	0.30130523443222046	0.34167880952358254	0.05037357509136209
999	0.30130523443222046	0.34167880952358254	0.05037357509136209
1000	0.30130523443222046	0.34167880952358254	0.05037357509136209

Best Loss: 0.2992190718650818

Training Times (seconds): [82.798575518]
