Iteration	Loss (h + target_loss)	Total Cost (f)	Cost g
1	1.0959384441375732	1.0859384441375732	0
2	0.874491810798645	0.8655877492427826	0.0010959384441375732
3	0.601798951625824	0.5939908285140991	0.0021918768882751463
4	0.4430789053440094	0.4363667206764221	0.0032878153324127192
5	0.43768537044525146	0.43206912422180177	0.004383753776550293
6	0.4362635910511017	0.43174328327178957	0.005479692220687866
7	0.4341512620449066	0.430726892709732	0.006575630664825439
8	0.43135783076286316	0.42902939987182614	0.007671569108963013
9	0.42768335342407227	0.42645086097717283	0.008767507553100585
10	0.4221857786178589	0.42204922461509703	0.009863445997238159
11	0.41910192370414734	0.42006130814552306	0.010959384441375732
12	0.4161497950553894	0.4182051179409027	0.012055322885513305
13	0.41383156180381775	0.4169828231334686	0.013151261329650879
14	0.41122227907180786	0.4154694788455963	0.014247199773788452
15	0.4087808430194855	0.4141239812374115	0.015343138217926025
16	0.4068957567214966	0.4133348333835602	0.0164390766620636
17	0.40549492835998535	0.4130299434661865	0.01753501510620117
18	0.40451136231422424	0.41314231586456296	0.018630953550338742
19	0.40344366431236267	0.41317055630683897	0.019726891994476314
20	0.4009714424610138	0.41179427289962767	0.020822830438613885
21	0.3999585509300232	0.41187731981277464	0.021918768882751457
22	0.3986658453941345	0.41168055272102355	0.02301470732688903
23	0.39759838581085205	0.41170903158187866	0.0241106457710266
24	0.3987325429916382	0.4117472503185272	0.02301470732688903
25	0.3999982178211212	0.41191698670387267	0.021918768882751457
26	0.3978349268436432	0.4119455726146698	0.0241106457710266
27	0.4001133143901825	0.41203208327293395	0.021918768882751457
28	0.4012390375137329	0.4120618679523468	0.020822830438613885
29	0.3968563377857208	0.412062922000885	0.025206584215164172
30	0.4002021849155426	0.41212095379829405	0.021918768882751457
31	0.3984631597995758	0.41147786712646484	0.02301470732688903
32	0.3968934714794159	0.4110041172504425	0.0241106457710266
33	0.39569464325904846	0.41090122747421265	0.025206584215164172
34	0.3949003219604492	0.41120284461975093	0.026302522659301743
35	0.39341315627098083	0.4108116173744201	0.027398461103439315
36	0.3925257623195648	0.4110201618671417	0.028494399547576887
37	0.39267829060554504	0.4111726901531219	0.028494399547576887
38	0.38960716128349304	0.4091974992752075	0.02959033799171446
39	0.38844776153564453	0.40913403797149656	0.03068627643585203
40	0.3873520791530609	0.4091342940330505	0.031782214879989605
41	0.3832831084728241	0.4061612617969513	0.03287815332412718
42	0.37987685203552246	0.4038509438037872	0.03397409176826475
43	0.3788185715675354	0.4038886017799377	0.03507003021240232
44	0.37650349736213684	0.4026694660186767	0.03616596865653989
45	0.375555157661438	0.40281706476211543	0.03726190710067746
46	0.37594521045684814	0.4032071175575256	0.03726190710067746
47	0.3770693838596344	0.40323535251617426	0.03616596865653989
48	0.3755962550640106	0.40285816216468806	0.03726190710067746
49	0.37477248907089233	0.40313033461570735	0.038357845544815035
50	0.37493425607681274	0.40329210162162776	0.038357845544815035
51	0.3751237988471985	0.4034816443920135	0.038357845544815035
52	0.3751373887062073	0.4034952342510223	0.038357845544815035
53	0.37627121806144714	0.4035331251621246	0.03726190710067746
54	0.3741588294506073	0.4036126134395599	0.039453783988952607
55	0.3764183223247528	0.40368022942543025	0.03726190710067746
56	0.37645044922828674	0.4037123563289642	0.03726190710067746
57	0.37536343932151794	0.40372128486633296	0.038357845544815035
58	0.3741544485092163	0.4036082324981689	0.039453783988952607
59	0.37255239486694336	0.40310211730003354	0.04054972243309018
60	0.3703732490539551	0.40201890993118283	0.04164566087722775
61	0.36863210797309875	0.4013737072944641	0.04274159932136532
62	0.3660504221916199	0.3998879599571228	0.04383753776550289
63	0.36283260583877563	0.39776608204841607	0.044933476209640465
64	0.36020711064338684	0.39623652529716485	0.046029414653778036
65	0.35705769062042236	0.39418304371833796	0.04712535309791561
66	0.35360369086265564	0.3918249824047088	0.04822129154205318
67	0.35047194361686707	0.3897891736030578	0.04931722998619075
68	0.3476526141166687	0.38806578254699703	0.05041316843032832
69	0.3442167341709137	0.3857258410453796	0.051509106874465894
70	0.34017497301101685	0.3827800183296203	0.052605045318603466
71	0.33653897047042847	0.3802399542331695	0.05370098376274104
72	0.3332946002483368	0.3780915224552154	0.05479692220687861
73	0.33026644587516785	0.376159306526184	0.05589286065101618
74	0.32530146837234497	0.3722902674674987	0.05698879909515375
75	0.31910422444343567	0.367188961982727	0.058084737539291324
76	0.314957857131958	0.3641385331153869	0.059180675983428896
77	0.31055253744125366	0.36082915186882014	0.06027661442756647
78	0.3054780662059784	0.35685061907768245	0.06137255287170404
79	0.30108946561813354	0.3535579569339751	0.06246849131584161
80	0.2967014014720917	0.35026583123207083	0.06356442975997918
81	0.291535884141922	0.34619625234603874	0.06466036820411676
82	0.2871380150318146	0.3428943216800689	0.06575630664825434
83	0.28261056542396545	0.33946281051635735	0.06685224509239192
84	0.2776170074939728	0.33556519103050225	0.0679481835365295
85	0.27345040440559387	0.3324945263862609	0.06904412198066708
86	0.268735408782959	0.3288754692077636	0.07014006042480465
87	0.26359647512435913	0.32483247399330134	0.07123599886894223
88	0.25604966282844543	0.3183816001415252	0.07233193731307981
89	0.25076940655708313	0.3141972823143005	0.07342787575721739
90	0.2458953559398651	0.31041917014122006	0.07452381420135497
91	0.24153578281402588	0.3071555354595184	0.07561975264549255
92	0.2364930659532547	0.3032087570428848	0.07671569108963013
93	0.23257072269916534	0.300382352232933	0.0778116295337677
94	0.22787819802761078	0.29678576600551604	0.07890756797790528
95	0.22395259141921997	0.2939560978412628	0.08000350642204286
96	0.2200893610715866	0.291188805937767	0.08109944486618044
97	0.2160637527704239	0.2882591360807419	0.08219538331031802
98	0.2110375463962555	0.28432886815071107	0.0832913217544556
99	0.20757128298282623	0.2819585431814194	0.08438726019859318
100	0.20330815017223358	0.2787913488149643	0.08548319864273075
101	0.20025651156902313	0.27683564865589144	0.08657913708686833
102	0.19644004106521606	0.27411511659622195	0.08767507553100591
103	0.19335059821605682	0.2721216121912003	0.08877101397514349
104	0.18725398182868958	0.2671209342479706	0.08986695241928107
105	0.18252383172512054	0.26348672258853917	0.09096289086341865
106	0.17914089560508728	0.2611997249126435	0.09205882930755623
107	0.17611896991729736	0.25927373766899114	0.0931547677516938
108	0.17324592173099518	0.25749662792682654	0.09425070619583138
109	0.1703459769487381	0.25569262158870704	0.09534664463996896
110	0.1678163707256317	0.25425895380973823	0.09644258308410654
111	0.16537630558013916	0.25291482710838326	0.09753852152824412
112	0.1624736338853836	0.2511080938577653	0.0986344599723817
113	0.16012978553771973	0.24986018395423898	0.09973039841651928
114	0.15783308446407318	0.24865942132473	0.10082633686065685
115	0.1552080363035202	0.2471303116083146	0.10192227530479443
116	0.15325333178043365	0.24627154552936564	0.10301821374893201
117	0.15107682347297668	0.24519097566604625	0.10411415219306959
118	0.14840775728225708	0.24361784791946423	0.10521009063720717
119	0.14460566639900208	0.2409116954803468	0.10630602908134475
120	0.14159752428531647	0.23899949181079877	0.10740196752548233
121	0.13934606313705444	0.23784396910667432	0.1084979059696199
122	0.13663509488105774	0.2362289392948152	0.10959384441375748
123	0.13284802436828613	0.2335378072261812	0.11068978285789506
124	0.1298265904188156	0.23161231172084826	0.11178572130203264
125	0.1270330399274826	0.22991469967365283	0.11288165974617022
126	0.12474039942026138	0.22871799761056918	0.1139775981903078
127	0.12266473472118378	0.22773827135562916	0.11507353663444538
128	0.12106239050626755	0.2272318655848505	0.11616947507858295
129	0.1196214035153389	0.22688681703805944	0.11726541352272053
130	0.11727815121412277	0.2256395031809809	0.11836135196685811
131	0.11423758417367935	0.22369487458467505	0.11945729041099569
132	0.11189731955528259	0.22245054841041587	0.12055322885513327
133	0.10958477854728699	0.22123394584655784	0.12164916729927085
134	0.10790103673934937	0.2206461424827578	0.12274510574340843
135	0.10622376203536987	0.22006480622291588	0.123841044187546
136	0.10506821423768997	0.22000519686937356	0.12493698263168358
137	0.10377033054828644	0.21980325162410758	0.12603292107582115
138	0.1027180626988411	0.2198469222187998	0.12712885951995873
139	0.10111028701066971	0.219335084974766	0.1282247979640963
140	0.10004410147666931	0.21936483788490319	0.12932073640823388
141	0.09869737178087234	0.2191140466332438	0.13041667485237146
142	0.09575838595628738	0.21727099925279642	0.13151261329650904
143	0.09429287165403366	0.21690142339468027	0.13260855174064662
144	0.09309198707342148	0.21679647725820567	0.1337044901847842
145	0.09197435528039932	0.2167747839093211	0.13480042862892178
146	0.09105928987264633	0.21695565694570568	0.13589636707305935
147	0.08970745652914047	0.2166997620463374	0.13699230551719693
148	0.0887184664607048	0.2168067104220393	0.1380882439613345
149	0.08776179701089859	0.21694597941637067	0.1391841824054721
150	0.08668164908885956	0.21696176993846922	0.14028012084960967
151	0.09217692166566849	0.21697735029459025	0.13480042862892178
152	0.09091988950967789	0.21681625658273723	0.13589636707305935
153	0.08993089199066162	0.21692319750785855	0.13699230551719693
154	0.08890017867088318	0.21698842263221768	0.1380882439613345
155	0.09113599359989166	0.217032360672951	0.13589636707305935
156	0.09334000945091248	0.21704449963569666	0.1337044901847842
157	0.091175377368927	0.21707174444198635	0.13589636707305935
158	0.08898632973432541	0.2170745736956599	0.1380882439613345
159	0.09337779879570007	0.21708228898048426	0.1337044901847842
160	0.09198959916830063	0.2167900277972224	0.13480042862892178
161	0.09094683825969696	0.2168432053327563	0.13589636707305935
162	0.09100060164928436	0.2168969687223437	0.13589636707305935
163	0.08995784819126129	0.21695015370845822	0.13699230551719693
164	0.08888314664363861	0.2169713906049731	0.1380882439613345
165	0.08780301362276077	0.21698719602823285	0.1391841824054721
166	0.09001688659191132	0.21700919210910824	0.13699230551719693
167	0.08893675357103348	0.21702499753236798	0.1380882439613345
168	0.08790534734725952	0.2170895297527316	0.1391841824054721
169	0.09120415151119232	0.21710051858425167	0.13589636707305935
170	0.08792268484830856	0.21710686725378064	0.1391841824054721
171	0.08907005190849304	0.21715829586982754	0.1380882439613345
172	0.0945575013756752	0.2171660531163218	0.13260855174064662
173	0.09343986958265305	0.21714435976743723	0.1337044901847842
174	0.0901762917637825	0.21716859728097943	0.13699230551719693
175	0.08908234536647797	0.21717058932781247	0.1380882439613345
176	0.0879899188876152	0.21717410129308728	0.1391841824054721
177	0.08689439296722412	0.21717451381683378	0.14028012084960967
178	0.08799733221530914	0.21718151462078122	0.1391841824054721
179	0.09348630160093307	0.21719079178571726	0.1337044901847842
180	0.08692784607410431	0.21720796692371397	0.14028012084960967
181	0.09022092074155807	0.217213226258755	0.13699230551719693
182	0.08912742882966995	0.21721567279100445	0.1380882439613345
183	0.09241659194231033	0.2172170205712321	0.13480042862892178
184	0.08804008364677429	0.21722426605224637	0.1391841824054721
185	0.09242494404315948	0.21722537267208125	0.13480042862892178
186	0.09242904186248779	0.21722947049140956	0.13480042862892178
187	0.09244353324174881	0.21724396187067058	0.13480042862892178
188	0.08696737140417099	0.21724749225378065	0.14028012084960967
189	0.08587036281824112	0.21724642211198836	0.14137605929374725
190	0.08917038142681122	0.21725862538814572	0.1380882439613345
191	0.08629759401082993	0.215481776416302	0.1391841824054721
192	0.0849916860461235	0.21527180689573316	0.14028012084960967
193	0.0841611996293068	0.21553725892305403	0.14137605929374725
194	0.08421231061220169	0.21558836990594893	0.14137605929374725
195	0.08421237021684647	0.2155884295105937	0.14137605929374725
196	0.0829518660902977	0.21542386382818252	0.14247199773788483
197	0.08202874660491943	0.21559668278694183	0.1435679361820224
198	0.0820675641298294	0.2156355003118518	0.1435679361820224
199	0.08321245014667511	0.21568444788455993	0.14247199773788483
200	0.084322988986969	0.21569904828071623	0.14137605929374725
201	0.08546711504459381	0.21574723589420347	0.14028012084960967
202	0.0855182334780693	0.21579835432767897	0.14028012084960967
203	0.08114443719387054	0.21580831182003052	0.14466387462615998
204	0.08338190615177155	0.21585390388965636	0.14247199773788483
205	0.08119705319404602	0.215860927820206	0.14466387462615998
206	0.0822942927479744	0.2158622289299968	0.1435679361820224
207	0.08339986950159073	0.21587186723947555	0.14247199773788483
208	0.08451836556196213	0.21589442485570937	0.14137605929374725
209	0.08123759925365448	0.21590147387981445	0.14466387462615998
210	0.08343301713466644	0.21590501487255126	0.14247199773788483
211	0.08022058010101318	0.21598039317131074	0.14575981307029756
212	0.08351917564868927	0.2159911733865741	0.14247199773788483
213	0.08023487776517868	0.21599469083547623	0.14575981307029756
214	0.08243313431739807	0.21600107049942047	0.1435679361820224
215	0.08463510125875473	0.21601116055250197	0.14137605929374725
216	0.08247210830450058	0.21604004448652298	0.1435679361820224
217	0.08357784152030945	0.21604983925819427	0.14247199773788483
218	0.08359087258577347	0.21606287032365828	0.14247199773788483
219	0.08031275123357773	0.21607256430387528	0.14575981307029756
220	0.07921785116195679	0.21607360267639192	0.14685575151443514
221	0.0814099907875061	0.21607386541366608	0.14466387462615998
222	0.08471916615962982	0.21609522545337706	0.14137605929374725
223	0.08144031465053558	0.21610418927669556	0.14466387462615998
224	0.08583510667085648	0.21611522752046614	0.14028012084960967
225	0.08147002011537552	0.2161338947415355	0.14466387462615998
226	0.08256819099187851	0.2161361271739009	0.1435679361820224
227	0.08366541564464569	0.2161374133825305	0.14247199773788483
228	0.08477196097373962	0.21614802026748686	0.14137605929374725
229	0.08701352030038834	0.21619770270586042	0.1391841824054721
230	0.08541859686374664	0.2156987177133563	0.14028012084960967
231	0.08387137949466705	0.2152474387884143	0.14137605929374725
232	0.08280584961175919	0.215277847349644	0.14247199773788483
233	0.08284546434879303	0.21531746208667785	0.14247199773788483
234	0.08177993446588516	0.21534787064790756	0.1435679361820224
235	0.08181078732013702	0.21537872350215942	0.1435679361820224
236	0.08064279705286026	0.21530667167902023	0.14466387462615998
237	0.08293064683675766	0.21540264457464248	0.14247199773788483
238	0.07973486185073853	0.21549467492103608	0.14575981307029756
239	0.0819660946726799	0.2155340308547023	0.1435679361820224
240	0.08416479825973511	0.21554085755348235	0.14137605929374725
241	0.08090285211801529	0.21556672674417526	0.14466387462615998
242	0.08095637708902359	0.21562025171518356	0.14466387462615998
243	0.07988422363996506	0.2156440367102626	0.14575981307029756
244	0.08320023119449615	0.21567222893238097	0.14247199773788483
245	0.08206808567047119	0.2156360218524936	0.1435679361820224
246	0.08099592477083206	0.21565979939699204	0.14466387462615998
247	0.07993569225072861	0.21569550532102616	0.14575981307029756
248	0.07881709188222885	0.21567284339666398	0.14685575151443514
249	0.0832306444644928	0.21570264220237761	0.14247199773788483
250	0.08435307443141937	0.2157291337251666	0.14137605929374725
251	0.08323132246732712	0.21570332020521193	0.14247199773788483
252	0.08206333965063095	0.21563127583265335	0.1435679361820224
253	0.08546630293130875	0.2157464237809184	0.14028012084960967
254	0.08221174776554108	0.21577968394756347	0.1435679361820224
255	0.08442001044750214	0.21579606974124937	0.14137605929374725
256	0.08223758637905121	0.2158055225610736	0.1435679361820224
257	0.08444040268659592	0.21581646198034315	0.14137605929374725
258	0.08227115124464035	0.21583908742666275	0.1435679361820224
259	0.08010020107030869	0.21586001414060624	0.14575981307029756
260	0.08448661863803864	0.21586267793178587	0.14137605929374725
261	0.08120562881231308	0.21586950343847305	0.14466387462615998
262	0.0823075994849205	0.2158755356669429	0.1435679361820224
263	0.08121167123317719	0.21587554585933716	0.14466387462615998
264	0.07902777194976807	0.2158835234642032	0.14685575151443514
265	0.08121976256370544	0.21588363718986542	0.14466387462615998
266	0.08124721050262451	0.21591108512878449	0.14466387462615998
267	0.07796171307563782	0.21591340303421053	0.14795168995857272
268	0.08565416187047958	0.21593428272008924	0.14028012084960967
269	0.0823664739727974	0.2159344101548198	0.1435679361820224
270	0.08346899598836899	0.2159409937262538	0.14247199773788483
271	0.08226494491100311	0.2158328810930255	0.1435679361820224
272	0.08347515761852264	0.21594715535640746	0.14247199773788483
273	0.07801973074674606	0.21597142070531877	0.14795168995857272
274	0.08461501449346542	0.21599107378721266	0.14137605929374725
275	0.08024285733699799	0.21600267040729554	0.14575981307029756
276	0.0813562422990799	0.21602011692523987	0.14466387462615998
277	0.08011899143457413	0.21587880450487168	0.14575981307029756
278	0.07912717014551163	0.21598292165994676	0.14685575151443514
279	0.08137156069278717	0.21603543531894714	0.14466387462615998
280	0.08137518912553787	0.21603906375169785	0.14466387462615998
281	0.08140210807323456	0.21606598269939453	0.14466387462615998
282	0.08031926304101944	0.216079076111317	0.14575981307029756
283	0.07813011109828949	0.2160818010568622	0.14795168995857272
284	0.08251447230577469	0.21608240848779708	0.1435679361820224
285	0.08362618088722229	0.2160981786251071	0.14247199773788483
286	0.0814434289932251	0.21610730361938507	0.14466387462615998
287	0.08035106211900711	0.21611087518930466	0.14575981307029756
288	0.08364222943782806	0.21611422717571288	0.14247199773788483
289	0.0792636051774025	0.21611935669183763	0.14685575151443514
290	0.07926865667104721	0.21612440818548234	0.14685575151443514
291	0.07926977425813675	0.21612552577257188	0.14685575151443514
292	0.08036668598651886	0.2161264990568164	0.14575981307029756
293	0.08365452289581299	0.2161265206336978	0.14247199773788483
294	0.08256106823682785	0.21612900441885025	0.1435679361820224
295	0.07927890121936798	0.2161346527338031	0.14685575151443514
296	0.08038036525249481	0.21614017832279236	0.14575981307029756
297	0.08258082717657089	0.2161487633585933	0.1435679361820224
298	0.08149421215057373	0.2161580867767337	0.14466387462615998
299	0.08259065449237823	0.21615859067440063	0.1435679361820224
300	0.07930285483598709	0.21615860635042222	0.14685575151443514
301	0.08369196951389313	0.21616396725177794	0.14247199773788483
302	0.08370112627744675	0.21617312401533156	0.14247199773788483
303	0.08370131254196167	0.2161733102798465	0.14247199773788483
304	0.08041483908891678	0.21617465215921433	0.14575981307029756
305	0.0793222039937973	0.21617795550823243	0.14685575151443514
306	0.08042339235544205	0.2161832054257396	0.14575981307029756
307	0.08152152597904205	0.21618540060520203	0.14466387462615998
308	0.08261752128601074	0.21618545746803314	0.1435679361820224
309	0.08152512460947037	0.21618899923563034	0.14466387462615998
310	0.08043776452541351	0.21619757759571107	0.14575981307029756
311	0.08263085782527924	0.21619879400730163	0.1435679361820224
312	0.08372774720191956	0.21619974493980437	0.14247199773788483
313	0.07716434448957443	0.21621197289228472	0.1490476284027103
314	0.07935899496078491	0.21621474647522004	0.14685575151443514
315	0.08046305924654007	0.21622287231683762	0.14575981307029756
316	0.08266221731901169	0.21623015350103408	0.1435679361820224
317	0.0837591364979744	0.2162311342358592	0.14247199773788483
318	0.08376644551753998	0.2162384432554248	0.14247199773788483
319	0.08048181235790253	0.21624162542820008	0.14575981307029756
320	0.08267828822135925	0.21624622440338165	0.1435679361820224
321	0.08487305790185928	0.21624911719560652	0.14137605929374725
322	0.08268460631370544	0.21625254249572784	0.1435679361820224
323	0.08159137517213821	0.2162552497982982	0.14466387462615998
324	0.07940028607845306	0.2162560375928882	0.14685575151443514
325	0.0837847962975502	0.21625679403543502	0.14247199773788483
326	0.08268985152244568	0.21625778770446807	0.1435679361820224
327	0.08488205820322037	0.2162581174969676	0.14137605929374725
328	0.08269091695547104	0.21625885313749343	0.1435679361820224
329	0.08488520979881287	0.2162612690925601	0.14137605929374725
330	0.08488953113555908	0.21626559042930632	0.14137605929374725
331	0.0836709588766098	0.21614295661449462	0.14247199773788483
332	0.08161628246307373	0.2162801570892337	0.14466387462615998
333	0.08052551746368408	0.21628533053398163	0.14575981307029756
334	0.08490974456071854	0.21628580385446577	0.14137605929374725
335	0.0827215313911438	0.2162894675731662	0.1435679361820224
336	0.08162939548492432	0.2162932701110843	0.14466387462615998
337	0.07943794131278992	0.21629369282722505	0.14685575151443514
338	0.08272836357355118	0.21629629975557357	0.1435679361820224
339	0.08601942658424377	0.21629954743385343	0.14028012084960967
340	0.0805402547121048	0.21630006778240235	0.14575981307029756
341	0.08273323625326157	0.21630117243528396	0.1435679361820224
342	0.08164012432098389	0.21630399894714386	0.14466387462615998
343	0.08054650574922562	0.21630631881952317	0.14575981307029756
344	0.08274081349372864	0.21630874967575103	0.1435679361820224
345	0.07945335656404495	0.21630910807848008	0.14685575151443514
346	0.0838375985622406	0.21630959630012542	0.14247199773788483
347	0.07835881412029266	0.21631050407886537	0.14795168995857272
348	0.08384309709072113	0.21631509482860595	0.14247199773788483
349	0.08265472203493118	0.21622265821695358	0.1435679361820224
350	0.08116349577903748	0.21582737040519745	0.14466387462615998
351	0.0802145004272461	0.21597431349754365	0.14575981307029756
352	0.07878512889146805	0.21564088040590318	0.14685575151443514
353	0.07786200195550919	0.2158136919140819	0.14795168995857272
354	0.07795853912830353	0.21591022908687624	0.14795168995857272
355	0.07634492218494415	0.21539255058765444	0.1490476284027103
356	0.07519999891519547	0.21534356576204333	0.15014356684684788
357	0.07536981254816055	0.21551337939500842	0.15014356684684788
358	0.07368756085634232	0.21492706614732776	0.15123950529098545
359	0.07267054170370102	0.21500598543882404	0.15233544373512303
360	0.07385476678609848	0.21509427207708393	0.15123950529098545
361	0.07398306578397751	0.21522257107496295	0.15123950529098545
362	0.07191591709852219	0.2142513608336452	0.15233544373512303
363	0.06996101140975952	0.21339239358902012	0.1534313821792606
364	0.06856200844049454	0.21308932906389272	0.1545273206233982
365	0.0675831139087677	0.21320637297630346	0.15562325906753577
366	0.06583589315414429	0.21255509066581763	0.15671919751167335
367	0.06501821428537369	0.2128333502411846	0.15781513595581093
368	0.0651681199669838	0.2129832559227947	0.15781513595581093
369	0.06385329365730286	0.21276436805725135	0.1589110743999485
370	0.06303561478853226	0.21304262763261833	0.16000701284408608
371	0.06534905731678009	0.213164193272591	0.15781513595581093
372	0.06536304205656052	0.21317817801237143	0.15781513595581093
373	0.06541500240564346	0.21323013836145438	0.15781513595581093
374	0.06435044854879379	0.2132615229487423	0.1589110743999485
375	0.06438720971345901	0.2132982841134075	0.1589110743999485
376	0.06438867002725601	0.2132997444272045	0.1589110743999485
377	0.06659669429063797	0.2133158918023113	0.15671919751167335
378	0.06513021886348724	0.21294535481929816	0.15781513595581093
379	0.06533675640821457	0.21315189236402549	0.15781513595581093
380	0.06442640721797943	0.21333748161792793	0.1589110743999485
381	0.06663317233324051	0.21335236984491385	0.15671919751167335
382	0.06444352120161057	0.21335459560155906	0.1589110743999485
383	0.06774433702230453	0.2133675960898403	0.15562325906753577
384	0.06666702032089233	0.21338621783256567	0.15671919751167335
385	0.06338045001029968	0.21338746285438576	0.16000701284408608
386	0.06341726332902908	0.21342427617311516	0.16000701284408608
387	0.06451909244060516	0.21343016684055366	0.1589110743999485
388	0.06453122943639755	0.21344230383634605	0.1589110743999485
389	0.06456552445888519	0.2134765988588337	0.1589110743999485
390	0.0667654350399971	0.21348463255167044	0.15671919751167335
391	0.06457425653934479	0.21348533093929328	0.1589110743999485
392	0.0656806007027626	0.21349573665857352	0.15781513595581093
393	0.0643518939614296	0.2132629683613781	0.1589110743999485
394	0.06459249556064606	0.21350356996059455	0.1589110743999485
395	0.06459732353687286	0.21350839793682136	0.1589110743999485
396	0.06898130476474762	0.2135086253881458	0.1545273206233982
397	0.06771895289421082	0.21334221196174658	0.15562325906753577
398	0.06640099734067917	0.2131201948523525	0.15671919751167335
399	0.0654391422867775	0.2132542782425884	0.15781513595581093
400	0.06567246466875076	0.21348760062456168	0.15781513595581093
401	0.06240607798099518	0.21350902926921883	0.16110295128822366
402	0.06898211687803268	0.21350943750143087	0.1545273206233982
403	0.06723490357398987	0.21285816264152563	0.15562325906753577
404	0.06656713038682938	0.21328632789850271	0.15671919751167335
405	0.06525229662656784	0.21306743258237876	0.15781513595581093
406	0.06570086628198624	0.21351600223779715	0.15781513595581093
407	0.0635184794664383	0.21352549231052437	0.16000701284408608
408	0.06571697443723679	0.2135321103930477	0.15781513595581093
409	0.06681401282548904	0.21353321033716238	0.15671919751167335
410	0.06792936474084854	0.2135526238083843	0.15562325906753577
411	0.06465110927820206	0.21356218367815055	0.1589110743999485
412	0.06796032190322876	0.21358358097076452	0.15562325906753577
413	0.06577208638191223	0.21358722233772315	0.15781513595581093
414	0.06577903032302856	0.21359416627883948	0.15781513595581093
415	0.06468819081783295	0.21359926521778144	0.1589110743999485
416	0.06359917670488358	0.21360618954896965	0.16000701284408608
417	0.06469529122114182	0.2136063656210903	0.1589110743999485
418	0.06470192223787308	0.21361299663782157	0.1589110743999485
419	0.06360897421836853	0.2136159870624546	0.16000701284408608
420	0.06799570471048355	0.2136189637780193	0.15562325906753577
421	0.0664069876074791	0.21312618511915243	0.15671919751167335
422	0.06673577427864075	0.21345497179031409	0.15671919751167335
423	0.06566708534955978	0.2134822213053707	0.15781513595581093
424	0.06580798327922821	0.21362311923503913	0.15781513595581093
425	0.0669073835015297	0.21362658101320303	0.15671919751167335
426	0.0658116266131401	0.21362676256895102	0.15781513595581093
427	0.0658155009150505	0.21363063687086142	0.15781513595581093
428	0.06472118943929672	0.21363226383924522	0.1589110743999485
429	0.06337915360927582	0.2133861664533619	0.16000701284408608
430	0.06362584978342056	0.21363286262750664	0.16000701284408608
431	0.06363063305616379	0.21363764590024986	0.16000701284408608
432	0.06473306566476822	0.21364414006471671	0.1589110743999485
433	0.06363863497972488	0.21364564782381096	0.16000701284408608
434	0.0647384524345398	0.2136495268344883	0.1589110743999485
435	0.06583589315414429	0.2136510291099552	0.15781513595581093
436	0.06583589315414429	0.2136510291099552	0.15781513595581093
437	0.06254931539297104	0.2136522666811947	0.16110295128822366
438	0.06364806741476059	0.21365508025884666	0.16000701284408608
439	0.06803218275308609	0.21365544182062185	0.15562325906753577
440	0.06584253162145615	0.21365766757726706	0.15781513595581093
441	0.06585101783275604	0.21366615378856696	0.15781513595581093
442	0.0625750720500946	0.21367802333831826	0.16110295128822366
443	0.06697127968072891	0.21369047719240225	0.15671919751167335
444	0.06368578225374222	0.2136927950978283	0.16000701284408608
445	0.06478354334831238	0.21369461774826087	0.1589110743999485
446	0.06697763502597809	0.21369683253765143	0.15671919751167335
447	0.06562865525484085	0.21344379121065177	0.15781513595581093
448	0.06259959191083908	0.21370254319906273	0.16110295128822366
449	0.06479524075984955	0.21370631515979804	0.1589110743999485
450	0.06370026618242264	0.2137072790265087	0.16000701284408608
451	0.06698905676603317	0.2137082542777065	0.15671919751167335
452	0.06370207667350769	0.21370908951759376	0.16000701284408608
453	0.06480100005865097	0.21371207445859947	0.1589110743999485
454	0.06808917224407196	0.21371243131160772	0.15562325906753577
455	0.06809258460998535	0.2137158436775211	0.15562325906753577
456	0.06691784411668777	0.2136370416283611	0.15671919751167335
457	0.06480813771486282	0.21371921211481132	0.1589110743999485
458	0.0659080445766449	0.21372318053245581	0.15781513595581093
459	0.0659104511141777	0.21372558706998862	0.15781513595581093
460	0.06481626629829407	0.21372734069824256	0.1589110743999485
461	0.06372091174125671	0.2137279245853428	0.16000701284408608
462	0.06483554095029831	0.2137466153502468	0.1589110743999485
463	0.06593712419271469	0.2137522601485256	0.15781513595581093
464	0.06484976410865784	0.21376083850860633	0.1589110743999485
465	0.0648629441857338	0.2137740185856823	0.1589110743999485
466	0.0648639127612114	0.2137749871611599	0.1589110743999485
467	0.06267532706260681	0.21377827835083046	0.16110295128822366
468	0.06487073749303818	0.21378181189298667	0.1589110743999485
469	0.06487412005662918	0.21378519445657768	0.1589110743999485
470	0.06597200781106949	0.2137871437668804	0.15781513595581093
471	0.0659722164273262	0.21378735238313712	0.15781513595581093
472	0.06378719210624695	0.21379420495033302	0.16000701284408608
473	0.06488661468029022	0.21379768908023872	0.1589110743999485
474	0.06488757580518723	0.21379865020513572	0.1589110743999485
475	0.06707961857318878	0.21379881608486212	0.15671919751167335
476	0.06598823517560959	0.2138033711314205	0.15781513595581093
477	0.06270461529493332	0.21380756658315697	0.16110295128822366
478	0.06599248945713043	0.21380762541294135	0.15781513595581093
479	0.06489929556846619	0.21381036996841468	0.1589110743999485
480	0.06380406767129898	0.21381108051538505	0.16000701284408608
481	0.06599795073270798	0.2138130866885189	0.15781513595581093
482	0.06465591490268707	0.21356698930263557	0.1589110743999485
483	0.0627138689160347	0.21381682020425835	0.16110295128822366
484	0.06381228566169739	0.21381929850578346	0.16000701284408608
485	0.06271931529045105	0.2138222665786747	0.16110295128822366
486	0.06711027026176453	0.21382946777343786	0.15671919751167335
487	0.06382447481155396	0.21383148765564003	0.16000701284408608
488	0.07040079683065414	0.21383217900991475	0.1534313821792606
489	0.06900178641080856	0.21352910703420674	0.1545273206233982
490	0.06775972247123718	0.21338298153877294	0.15562325906753577
491	0.06694203615188599	0.21366123366355932	0.15671919751167335
492	0.06915873289108276	0.21368605351448094	0.1545273206233982
493	0.06812083721160889	0.21374409627914465	0.15562325906753577
494	0.06705307215452194	0.21377226966619528	0.15671919751167335
495	0.06818411499261856	0.21380737406015432	0.15562325906753577
496	0.06711401045322418	0.21383320796489752	0.15671919751167335
497	0.06273073703050613	0.2138336883187298	0.16110295128822366
498	0.06711478531360626	0.2138339828252796	0.15671919751167335
499	0.06382740288972855	0.21383441573381462	0.16000701284408608
500	0.06711598485708237	0.2138351823687557	0.15671919751167335
501	0.06492477655410767	0.21383585095405616	0.1589110743999485
502	0.066023088991642	0.21383822494745292	0.15781513595581093
503	0.06821786612272263	0.21384112519025839	0.15562325906753577
504	0.06383955478668213	0.2138465676307682	0.16000701284408608
505	0.06712958961725235	0.2138487871289257	0.15671919751167335
506	0.06493820995092392	0.21384928435087242	0.1589110743999485
507	0.06494215130805969	0.2138532257080082	0.1589110743999485
508	0.06494476646184921	0.2138558408617977	0.1589110743999485
509	0.06384952366352081	0.2138565365076069	0.16000701284408608
510	0.06713936477899551	0.21385856229066885	0.15671919751167335
511	0.06385184079408646	0.21385885363817253	0.16000701284408608
512	0.06385243684053421	0.21385944968462028	0.16000701284408608
513	0.06385329365730286	0.21386030650138893	0.16000701284408608
514	0.06385329365730286	0.21386030650138893	0.16000701284408608
515	0.06714263558387756	0.2138618330955509	0.15671919751167335
516	0.06495441496372223	0.21386548936367072	0.1589110743999485
517	0.06386321038007736	0.21387022322416344	0.16000701284408608
518	0.06386698782444	0.21387400066852608	0.16000701284408608
519	0.0660618394613266	0.21387697541713752	0.15781513595581093
520	0.06387043744325638	0.21387745028734245	0.16000701284408608
521	0.0671585276722908	0.21387772518396414	0.15671919751167335
522	0.0660674199461937	0.2138825559020046	0.15781513595581093
523	0.06716592609882355	0.21388512361049689	0.15671919751167335
524	0.0638781264424324	0.21388513928651848	0.16000701284408608
525	0.06935933232307434	0.21388665294647252	0.1545273206233982
526	0.06497884541749954	0.21388991981744804	0.1589110743999485
527	0.06717109680175781	0.21389029431343115	0.15671919751167335
528	0.06388350576162338	0.21389051860570946	0.16000701284408608
529	0.06717280298471451	0.21389200049638785	0.15671919751167335
530	0.06279129534959793	0.21389424663782158	0.16110295128822366
531	0.06498436629772186	0.21389544069767036	0.1589110743999485
532	0.0638895332813263	0.21389654612541237	0.16000701284408608
533	0.06389282643795013	0.2138998392820362	0.16000701284408608
534	0.06389319151639938	0.21390020436048546	0.16000701284408608
535	0.06498975306749344	0.21390082746744193	0.1589110743999485
536	0.06499705463647842	0.21390812903642692	0.1589110743999485
537	0.06499967724084854	0.21391075164079704	0.1589110743999485
538	0.06390482187271118	0.21391183471679726	0.16000701284408608
539	0.06500394642353058	0.21391502082347907	0.1589110743999485
540	0.06390887498855591	0.21391588783264198	0.16000701284408608
541	0.06281445175409317	0.21391740304231682	0.16110295128822366
542	0.06281465291976929	0.21391760420799294	0.16110295128822366
543	0.06500796973705292	0.2139190441370014	0.1589110743999485
544	0.06610484421253204	0.21391998016834296	0.15781513595581093
545	0.06391321122646332	0.2139202240705494	0.16000701284408608
546	0.06610522419214249	0.2139203601479534	0.15781513595581093
547	0.06939759105443954	0.21392491167783773	0.1545273206233982
548	0.06501821428537369	0.21392928868532218	0.1589110743999485
549	0.06501821428537369	0.21392928868532218	0.1589110743999485
550	0.06611596792936325	0.21393110388517417	0.15781513595581093
551	0.06392447650432587	0.21393148934841194	0.16000701284408608
552	0.0626881793141365	0.21379113060236016	0.16110295128822366
553	0.06502390652894974	0.21393498092889823	0.1589110743999485
554	0.06283389776945114	0.2139368490576748	0.16110295128822366
555	0.06502673029899597	0.21393780469894447	0.1589110743999485
556	0.06612386554479599	0.2139390015006069	0.15781513595581093
557	0.06393517553806305	0.21394218838214912	0.16000701284408608
558	0.06613034754991531	0.21394548350572623	0.15781513595581093
559	0.06284260004758835	0.213945551335812	0.16110295128822366
560	0.0705169066786766	0.2139482888579372	0.1534313821792606
561	0.0693330243229866	0.21386034494638478	0.1545273206233982
562	0.06613406538963318	0.2139492013454441	0.15781513595581093
563	0.06613589823246002	0.21395103418827094	0.15781513595581093
564	0.06723339110612869	0.21395258861780203	0.15671919751167335
565	0.0683298408985138	0.21395309996604955	0.15562325906753577
566	0.06723490357398987	0.2139541010856632	0.15671919751167335
567	0.06723490357398987	0.2139541010856632	0.15671919751167335
568	0.06286127865314484	0.2139642299413685	0.16110295128822366
569	0.0639629065990448	0.21396991944313087	0.16000701284408608
570	0.0628705769777298	0.21397352826595345	0.16110295128822366
571	0.06396652013063431	0.21397353297472038	0.16000701284408608
572	0.06396777927875519	0.21397479212284126	0.16000701284408608
573	0.06506403535604477	0.21397510975599326	0.1589110743999485
574	0.06616032868623734	0.21397546464204825	0.15781513595581093
575	0.06506498157978058	0.21397605597972907	0.1589110743999485
576	0.0639706701040268	0.21397768294811287	0.16000701284408608
577	0.06397207826375961	0.2139790911078457	0.16000701284408608
578	0.06727491319179535	0.2139941107034687	0.15671919751167335
579	0.06508719176054001	0.2139982661604885	0.1589110743999485
580	0.06508904695510864	0.21400012135505714	0.1589110743999485
581	0.06509038060903549	0.214001455008984	0.1589110743999485
582	0.06618869304656982	0.21400382900238074	0.15781513595581093
583	0.06728687882423401	0.21400607633590735	0.15671919751167335
584	0.06619121879339218	0.2140063547492031	0.15781513595581093
585	0.06290776282548904	0.2140107141137127	0.16110295128822366
586	0.07058135420084	0.2140127363801006	0.1534313821792606
587	0.06400580704212189	0.21401281988620796	0.16000701284408608
588	0.06400750577449799	0.21401451861858406	0.16000701284408608
589	0.06400768458843231	0.21401469743251839	0.16000701284408608
590	0.06839193403720856	0.21401519310474432	0.15562325906753577
591	0.06400955468416214	0.2140165675282482	0.16000701284408608
592	0.06839530915021896	0.21401856821775472	0.15562325906753577
593	0.06949159502983093	0.2140189156532291	0.1545273206233982
594	0.06819461286067963	0.2138178719282154	0.15562325906753577
595	0.06721265614032745	0.2139318536520008	0.15671919751167335
596	0.06401736289262772	0.2140243757367138	0.16000701284408608
597	0.06292194128036499	0.21402489256858864	0.16110295128822366
598	0.06730706244707108	0.2140262599587444	0.15671919751167335
599	0.06511631608009338	0.21402739048004188	0.1589110743999485
600	0.06621402502059937	0.21402916097641028	0.15781513595581093
601	0.06402307003736496	0.21403008288145103	0.16000701284408608
602	0.06621528416872025	0.21403042012453116	0.15781513595581093
603	0.06293023377656937	0.21403318506479302	0.16110295128822366
604	0.06732194125652313	0.21404113876819647	0.15671919751167335
605	0.06403415650129318	0.21404116934537926	0.16000701284408608
606	0.06513021886348724	0.21404129326343574	0.1589110743999485
607	0.06513021886348724	0.21404129326343574	0.1589110743999485
608	0.06294143944978714	0.2140443907380108	0.16110295128822366
609	0.06513617187738419	0.21404724627733268	0.1589110743999485
610	0.06294441968202591	0.21404737097024956	0.16110295128822366
611	0.0618496797978878	0.21404856953024903	0.16219888973236124
612	0.06185242906212807	0.2140513187944893	0.16219888973236124
613	0.06514228135347366	0.21405335575342216	0.1589110743999485
614	0.0662396177649498	0.21405475372076072	0.15781513595581093
615	0.06295377016067505	0.2140567214488987	0.16110295128822366
616	0.06952941417694092	0.2140567348003391	0.1545273206233982
617	0.06843530386686325	0.214058562934399	0.15562325906753577
618	0.06295592337846756	0.2140588746666912	0.16110295128822366
619	0.06514948606491089	0.21406056046485938	0.1589110743999485
620	0.061866436153650284	0.21406532588601151	0.16219888973236124
621	0.065154530107975	0.2140656045079235	0.1589110743999485
622	0.064061738550663	0.21406875139474907	0.16000701284408608
623	0.06187126040458679	0.21407015013694802	0.16219888973236124
624	0.06845030188560486	0.21407356095314062	0.15562325906753577
625	0.06516334414482117	0.21407441854476966	0.1589110743999485
626	0.06845148652791977	0.21407474559545553	0.15562325906753577
627	0.06297331303358078	0.21407626432180443	0.16110295128822366
628	0.06626145541667938	0.2140765913724903	0.15781513595581093
629	0.0640697330236435	0.21407674586772957	0.16000701284408608
630	0.06406989693641663	0.2140769097805027	0.16000701284408608
631	0.06406992673873901	0.2140769395828251	0.16000701284408608
632	0.0651681199669838	0.2140791943669323	0.1589110743999485
633	0.0651681199669838	0.2140791943669323	0.1589110743999485
634	0.06517056375741959	0.21408163815736808	0.1589110743999485
635	0.06736483424901962	0.21408403176069296	0.15671919751167335
636	0.06298640370368958	0.21408935499191323	0.16110295128822366
637	0.06737121939659119	0.21409041690826452	0.15671919751167335
638	0.06518055498600006	0.21409162938594856	0.1589110743999485
639	0.0651806890964508	0.2140917634963993	0.1589110743999485
640	0.06627862900495529	0.2140937649607662	0.15781513595581093
641	0.06408920884132385	0.21409622168540993	0.16000701284408608
642	0.06518595665693283	0.21409703105688133	0.1589110743999485
643	0.0629945918917656	0.21409754317998925	0.16110295128822366
644	0.06518801301717758	0.21409908741712608	0.1589110743999485
645	0.06299629807472229	0.21409924936294594	0.16110295128822366
646	0.06299825757741928	0.21410120886564293	0.16110295128822366
647	0.0662865862250328	0.21410172218084372	0.15781513595581093
648	0.06519080698490143	0.21410188138484992	0.1589110743999485
649	0.06409665197134018	0.21410366481542625	0.16000701284408608
650	0.06409693509340286	0.21410394793748894	0.16000701284408608
651	0.06628981977701187	0.2141049557328228	0.15781513595581093
652	0.06738724559545517	0.2141064431071285	0.15671919751167335
653	0.06410083919763565	0.21410785204172172	0.16000701284408608
654	0.06300680339336395	0.2141097546815876	0.16110295128822366
655	0.06629634648561478	0.2141114824414257	0.15781513595581093
656	0.06520308554172516	0.21411415994167365	0.1589110743999485
657	0.06301204115152359	0.21411499243974724	0.16110295128822366
658	0.06520459055900574	0.21411566495895423	0.1589110743999485
659	0.06520506739616394	0.21411614179611244	0.1589110743999485
660	0.06849340349435806	0.21411666256189382	0.15562325906753577
661	0.06301434338092804	0.2141172946691517	0.16110295128822366
662	0.06630349904298782	0.21411863499879874	0.15781513595581093
663	0.06520777195692062	0.21411884635686912	0.1589110743999485
664	0.0652100145816803	0.2141210889816288	0.1589110743999485
665	0.061922214925289154	0.21412110465765039	0.16219888973236124
666	0.06192432716488838	0.2141232168972496	0.16219888973236124
667	0.06521344929933548	0.21412452369928398	0.1589110743999485
668	0.06388510763645172	0.2138921204805378	0.16000701284408608
669	0.06391209363937378	0.21391910648345985	0.16000701284408608
670	0.06521414965391159	0.21412522405386009	0.1589110743999485
671	0.06411828845739365	0.21412530130147972	0.16000701284408608
672	0.06740710884332657	0.2141263063549999	0.15671919751167335
673	0.06411939114332199	0.21412640398740806	0.16000701284408608
674	0.06631249934434891	0.21412763530015982	0.15781513595581093
675	0.061928801238536835	0.21412769097089807	0.16219888973236124
676	0.06302524358034134	0.214128194868565	0.16110295128822366
677	0.06412127614021301	0.2141282889842991	0.16000701284408608
678	0.06960437446832657	0.21413169509172475	0.1545273206233982
679	0.06851015239953995	0.2141334114670757	0.15562325906753577
680	0.06631840020418167	0.2141335361599926	0.15781513595581093
681	0.06522347778081894	0.21413455218076743	0.1589110743999485
682	0.06741701066493988	0.21413620817661322	0.15671919751167335
683	0.06851302087306976	0.21413627994060552	0.15562325906753577
684	0.06522608548402786	0.21413715988397636	0.1589110743999485
685	0.06193838641047478	0.214137276142836	0.16219888973236124
686	0.06303561478853226	0.2141385660767559	0.16110295128822366
687	0.06303561478853226	0.2141385660767559	0.16110295128822366
688	0.068515345454216	0.21413860452175176	0.15562325906753577
689	0.06522807478904724	0.21413914918899574	0.1589110743999485
690	0.06522957980632782	0.21414065420627632	0.1589110743999485
691	0.06852021813392639	0.21414347720146215	0.15562325906753577
692	0.06742444634437561	0.21414364385604895	0.15671919751167335
693	0.06852099299430847	0.21414425206184423	0.15562325906753577
694	0.06742803007364273	0.21414722758531607	0.15671919751167335
695	0.061949197202920914	0.21414808693528214	0.16219888973236124
696	0.06852894276380539	0.21415220183134115	0.15562325906753577
697	0.06524144113063812	0.21415251553058662	0.1589110743999485
698	0.06633748859167099	0.2141526245474819	0.15781513595581093
699	0.0663399025797844	0.2141550385355953	0.15781513595581093
700	0.06524412333965302	0.2141551977396015	0.1589110743999485
701	0.06524447351694107	0.21415554791688957	0.1589110743999485
702	0.06634174287319183	0.21415687882900275	0.15781513595581093
703	0.0652497410774231	0.2141608154773716	0.1589110743999485
704	0.06963349878787994	0.21416081941127812	0.1545273206233982
705	0.0652521550655365	0.214163229465485	0.1589110743999485
706	0.06525229662656784	0.21416337102651634	0.1589110743999485
707	0.06525229662656784	0.21416337102651634	0.1589110743999485
708	0.07073203474283218	0.2141634169220928	0.1534313821792606
709	0.06415648758411407	0.21416350042820015	0.16000701284408608
710	0.06306079775094986	0.2141637490391735	0.16110295128822366
711	0.06525313854217529	0.2141642129421238	0.1589110743999485
712	0.06634925305843353	0.21416438901424445	0.15781513595581093
713	0.06415808945894241	0.2141651023030285	0.16000701284408608
714	0.06196651980280876	0.21416540953517	0.16219888973236124
715	0.06635314226150513	0.21416827821731604	0.15781513595581093
716	0.06854548305273056	0.21416874212026632	0.15562325906753577
717	0.06525774300098419	0.2141688174009327	0.1589110743999485
718	0.06197004392743111	0.21416893365979234	0.16219888973236124
719	0.06525907665491104	0.21417015105485954	0.1589110743999485
720	0.06745104491710663	0.21417024242877997	0.15671919751167335
721	0.06416429579257965	0.21417130863666572	0.16000701284408608
722	0.06745275855064392	0.21417195606231726	0.15671919751167335
723	0.06855243444442749	0.21417569351196325	0.15562325906753577
724	0.0663619115948677	0.21417704755067862	0.15781513595581093
725	0.06307552009820938	0.21417847138643303	0.16110295128822366
726	0.06526762247085571	0.2141786968708042	0.1589110743999485
727	0.0663645938038826	0.21417972975969352	0.15781513595581093
728	0.06417301297187805	0.21418002581596413	0.16000701284408608
729	0.0674612820148468	0.21418047952652014	0.15671919751167335
730	0.06527279317378998	0.21418386757373847	0.1589110743999485
731	0.06417728960514069	0.21418430244922676	0.16000701284408608
732	0.06856200844049454	0.2141852675080303	0.15562325906753577
733	0.06856200844049454	0.2141852675080303	0.15562325906753577
734	0.06746641546487808	0.21418561297655142	0.15671919751167335
735	0.0641796886920929	0.21418670153617897	0.16000701284408608
736	0.06308872997760773	0.21419168126583138	0.16110295128822366
737	0.06856957077980042	0.21419282984733617	0.15562325906753577
738	0.06528555601835251	0.214196630418301	0.1589110743999485
739	0.06747886538505554	0.21419806289672888	0.15671919751167335
740	0.06309787184000015	0.2142008231282238	0.16110295128822366
741	0.06748353689908981	0.21420273441076315	0.15671919751167335
742	0.06529219448566437	0.21420326888561286	0.1589110743999485
743	0.06310126930475235	0.214204220592976	0.16110295128822366
744	0.06310225278139114	0.2142052040696148	0.16110295128822366
745	0.06419853866100311	0.2142055515050892	0.16000701284408608
746	0.06419917196035385	0.21420618480443993	0.16000701284408608
747	0.06200742721557617	0.2142063169479374	0.16219888973236124
748	0.06748747825622559	0.21420667576789892	0.15671919751167335
749	0.062010377645492554	0.21420926737785378	0.16219888973236124
750	0.06420279294252396	0.21420980578661003	0.16000701284408608
751	0.0663948506116867	0.21420998656749762	0.15781513595581093
752	0.06749104708433151	0.21421024459600485	0.15671919751167335
753	0.06529925018548965	0.21421032458543815	0.1589110743999485
754	0.06310747563838959	0.21421042692661324	0.16110295128822366
755	0.0631079152226448	0.21421086651086846	0.16110295128822366
756	0.06310846656560898	0.21421141785383263	0.16110295128822366
757	0.06311019510030746	0.21421314638853112	0.16110295128822366
758	0.06420622766017914	0.2142132405042652	0.16000701284408608
759	0.06420699506998062	0.2142140079140667	0.16000701284408608
760	0.06639968603849411	0.21421482199430503	0.15781513595581093
761	0.06201622635126114	0.21421511608362237	0.16219888973236124
762	0.06640099734067917	0.21421613329649009	0.15781513595581093
763	0.06640099734067917	0.21421613329649009	0.15781513595581093
764	0.06421233713626862	0.2142193499803547	0.16000701284408608
765	0.06640533357858658	0.2142204695343975	0.15781513595581093
766	0.06530996412038803	0.21422103852033653	0.1589110743999485
767	0.0664069876074791	0.21422212356329	0.15781513595581093
768	0.0664069876074791	0.21422212356329	0.15781513595581093
769	0.06421545147895813	0.2142224643230442	0.16000701284408608
770	0.06640824675559998	0.2142233827114109	0.15781513595581093
771	0.06531265377998352	0.21422372817993202	0.1589110743999485
772	0.06312084943056107	0.21422380071878472	0.16110295128822366
773	0.0618884451687336	0.21408733490109483	0.16219888973236124
774	0.06006190553307533	0.21335673370957414	0.16329482817649882
775	0.05887835845351219	0.21326912507414858	0.1643907666206364
776	0.05903613194823265	0.21342689856886904	0.1643907666206364
777	0.060267478227615356	0.21356230640411417	0.16329482817649882
778	0.05811741203069687	0.21360411709547084	0.16548670506477398
779	0.059243038296699524	0.2136338049173359	0.1643907666206364
780	0.05928679183125496	0.21367755845189135	0.1643907666206364
781	0.05930095911026001	0.2136917257308964	0.1643907666206364
782	0.05820692330598831	0.21369362837076228	0.16548670506477398
783	0.05825544148683548	0.21374214655160945	0.16548670506477398
784	0.059438273310661316	0.2138290399312977	0.1643907666206364
785	0.06059505045413971	0.21388987863063852	0.16329482817649882
786	0.059411510825157166	0.21380227744579355	0.1643907666206364
787	0.058413825929164886	0.21390053099393885	0.16548670506477398
788	0.05841761454939842	0.2139043196141724	0.16548670506477398
789	0.05849439278244972	0.2139810978472237	0.16548670506477398
790	0.06070490553975105	0.21399973371624986	0.16329482817649882
791	0.05852598696947098	0.21401269203424494	0.16548670506477398
792	0.058555539697408676	0.21404224476218264	0.16548670506477398
793	0.058581918478012085	0.21406862354278605	0.16548670506477398
794	0.05967793986201286	0.21406870648264925	0.1643907666206364
795	0.05968111753463745	0.21407188415527384	0.1643907666206364
796	0.05749449133872986	0.2140771348476414	0.16658264350891155
797	0.058590635657310486	0.21407734072208445	0.16548670506477398
798	0.058594539761543274	0.21408124482631724	0.16548670506477398
799	0.058596085757017136	0.2140827908217911	0.16548670506477398
800	0.05863085761666298	0.21411756268143695	0.16548670506477398
801	0.06084621325135231	0.21414104142785112	0.16329482817649882
802	0.057567037642002106	0.21414968115091365	0.16658264350891155
803	0.059778086841106415	0.2141688534617428	0.1643907666206364
804	0.057588402181863785	0.21417104569077533	0.16658264350891155
805	0.05872034281492233	0.2142070478796963	0.16548670506477398
806	0.05762966722249985	0.2142123107314114	0.16658264350891155
807	0.06640936434268951	0.21422450029850043	0.15781513595581093
808	0.06202692538499832	0.21422581511735955	0.16219888973236124
809	0.06641101837158203	0.21422615432739295	0.15781513595581093
810	0.0696992352604866	0.21422655588388478	0.1545273206233982
811	0.06860517710447311	0.21422843617200887	0.15562325906753577
812	0.06422264873981476	0.21422966158390083	0.16000701284408608
813	0.06422393769025803	0.2142309505343441	0.16000701284408608
814	0.06531990319490433	0.21423097759485282	0.1589110743999485
815	0.06532032042741776	0.21423139482736625	0.1589110743999485
816	0.06422461569309235	0.21423162853717842	0.16000701284408608
817	0.0675162747502327	0.21423547226190603	0.15671919751167335
818	0.05875059589743614	0.2142373009622101	0.16548670506477398
819	0.0697101503610611	0.21423747098445928	0.1545273206233982
820	0.06642291694879532	0.21423805290460624	0.15781513595581093
821	0.06532720476388931	0.2142382791638378	0.1589110743999485
822	0.06313573569059372	0.21423868697881737	0.16110295128822366
823	0.06313612312078476	0.2142390744090084	0.16110295128822366
824	0.0631362646818161	0.21423921597003975	0.16110295128822366
825	0.06423290073871613	0.2142399135828022	0.16000701284408608
826	0.06313738226890564	0.2142403335571293	0.16110295128822366
827	0.06423337757587433	0.2142403904199604	0.16000701284408608
828	0.06423339247703552	0.2142404053211216	0.16000701284408608
829	0.06643082201480865	0.21424595797061957	0.15781513595581093
830	0.06752711534500122	0.21424631285667456	0.15671919751167335
831	0.06533610075712204	0.21424717515707054	0.1589110743999485
832	0.06314429640769958	0.21424724769592324	0.16110295128822366
833	0.06533675640821457	0.21424783080816306	0.1589110743999485
834	0.06533675640821457	0.21424783080816306	0.1589110743999485
835	0.05766545981168747	0.21424810332059901	0.16658264350891155
836	0.0631452351808548	0.21424818646907845	0.16110295128822366
837	0.06424141675233841	0.21424842959642448	0.16000701284408608
838	0.06972146034240723	0.2142487809658054	0.1545273206233982
839	0.05766775459051132	0.21425039809942287	0.16658264350891155
840	0.06533961743116379	0.21425069183111228	0.1589110743999485
841	0.0653415247797966	0.2142525991797451	0.1589110743999485
842	0.06410522013902664	0.21411223298311272	0.16000701284408608
843	0.05986220762133598	0.21425297424197237	0.1643907666206364
844	0.06643910706043243	0.21425424301624335	0.15781513595581093
845	0.06424764543771744	0.2142546582818035	0.16000701284408608
846	0.06534615159034729	0.21425722599029579	0.1589110743999485
847	0.06534905731678009	0.21426013171672859	0.1589110743999485
848	0.06534905731678009	0.21426013171672859	0.1589110743999485
849	0.06863727420568466	0.21426053327322042	0.15562325906753577
850	0.06644634902477264	0.21426148498058356	0.15781513595581093
851	0.06535061448812485	0.21426168888807334	0.1589110743999485
852	0.06644914299249649	0.2142642789483074	0.15781513595581093
853	0.06316308677196503	0.21426603806018868	0.16110295128822366
854	0.06645470857620239	0.2142698445320133	0.15781513595581093
855	0.06535902619361877	0.21427010059356727	0.1589110743999485
856	0.05988013371825218	0.21427090033888857	0.1643907666206364
857	0.06645727902650833	0.21427241498231925	0.15781513595581093
858	0.06755324453115463	0.21427244204282797	0.15671919751167335
859	0.06536191701889038	0.21427299141883888	0.1589110743999485
860	0.06645817309617996	0.21427330905199088	0.15781513595581093
861	0.06755456328392029	0.21427376079559363	0.15671919751167335
862	0.06536304205656052	0.214274116456509	0.1589110743999485
863	0.06536304205656052	0.214274116456509	0.1589110743999485
864	0.058788590133190155	0.21427529519796412	0.16548670506477398
865	0.06755612045526505	0.21427531796693838	0.15671919751167335
866	0.06426838785409927	0.21427540069818535	0.16000701284408608
867	0.06536544114351273	0.21427651554346122	0.1589110743999485
868	0.06426951289176941	0.21427652573585548	0.16000701284408608
869	0.06426975876092911	0.21427677160501518	0.16000701284408608
870	0.0642707422375679	0.21427775508165398	0.16000701284408608
871	0.0686546042561531	0.21427786332368887	0.15562325906753577
872	0.06427092105150223	0.2142779338955883	0.16000701284408608
873	0.0642709732055664	0.21427798604965248	0.16000701284408608
874	0.06427112221717834	0.21427813506126442	0.16000701284408608
875	0.06536761671304703	0.21427869111299552	0.1589110743999485
876	0.0642201229929924	0.21422713583707848	0.16000701284408608
877	0.06536804884672165	0.21427912324667014	0.1589110743999485
878	0.06865821033716202	0.21428146940469778	0.15562325906753577
879	0.0653708428144455	0.214281917214394	0.1589110743999485
880	0.06537118554115295	0.21428225994110145	0.1589110743999485
881	0.06427569687366486	0.21428270971775093	0.16000701284408608
882	0.06318050622940063	0.2142834575176243	0.16110295128822366
883	0.05770456790924072	0.21428721141815227	0.16658264350891155
884	0.06208851933479309	0.21428740906715432	0.16219888973236124
885	0.06428103148937225	0.21428804433345833	0.16000701284408608
886	0.062090080231428146	0.21428896996378938	0.16219888973236124
887	0.06537829339504242	0.21428936779499091	0.1589110743999485
888	0.06428337097167969	0.21429038381576576	0.16000701284408608
889	0.06318777799606323	0.21429072928428688	0.16110295128822366
890	0.058805547654628754	0.21429225271940272	0.16548670506477398
891	0.06757441908121109	0.21429361659288443	0.15671919751167335
892	0.06648135930299759	0.2142964952588085	0.15781513595581093
893	0.06538589298725128	0.21429696738719978	0.1589110743999485
894	0.0642906054854393	0.21429761832952537	0.16000701284408608
895	0.06319502741098404	0.2142979786992077	0.16110295128822366
896	0.06319556385278702	0.21429851514101067	0.16110295128822366
897	0.06758009642362595	0.21429929393529928	0.15671919751167335
898	0.0664861872792244	0.2143013232350353	0.15781513595581093
899	0.06648647785186768	0.2143016138076786	0.15781513595581093
900	0.06319870799779892	0.21430165928602257	0.16110295128822366
901	0.0675831139087677	0.21430231142044104	0.15671919751167335
902	0.0675831139087677	0.21430231142044104	0.15671919751167335
903	0.06429555267095566	0.21430256551504173	0.16000701284408608
904	0.06237045302987099	0.21347340431809464	0.16110295128822366
905	0.06107840687036514	0.21327729660272637	0.16219888973236124
906	0.061186909675598145	0.21338579940795938	0.16219888973236124
907	0.0601980984210968	0.2134929265975956	0.16329482817649882
908	0.0602492019534111	0.2135440301299099	0.16329482817649882
909	0.06138164550065994	0.21358053523302117	0.16219888973236124
910	0.060364361852407455	0.21365919002890627	0.16329482817649882
911	0.060431815683841705	0.21372664386034051	0.16329482817649882
912	0.06275148689746857	0.21385443818569222	0.16110295128822366
913	0.06148269400000572	0.21368158373236695	0.16219888973236124
914	0.06153859943151474	0.21373748916387597	0.16219888973236124
915	0.06023794040083885	0.21353276857733766	0.16329482817649882
916	0.05919022485613823	0.21358099147677462	0.1643907666206364
917	0.05926383286714554	0.21365459948778193	0.1643907666206364
918	0.05821610242128372	0.2137028074860577	0.16548670506477398
919	0.060508571565151215	0.21380339974165002	0.16329482817649882
920	0.06055983901023865	0.21385466718673746	0.16329482817649882
921	0.060563988983631134	0.21385881716012994	0.16329482817649882
922	0.06056448817253113	0.21385931634902994	0.16329482817649882
923	0.060609713196754456	0.21390454137325327	0.16329482817649882
924	0.05953514948487282	0.2139259161055092	0.1643907666206364
925	0.06174338236451149	0.21394227209687272	0.16219888973236124
926	0.05957518145442009	0.21396594807505648	0.1643907666206364
927	0.06067313626408577	0.21396796444058458	0.16329482817649882
928	0.06177737936377525	0.21397626909613648	0.16219888973236124
929	0.05959171801805496	0.21398248463869135	0.1643907666206364
930	0.058504823595285416	0.21399152866005938	0.16548670506477398
931	0.05963559076189995	0.21402635738253634	0.1643907666206364
932	0.05967193841934204	0.21406270503997843	0.1643907666206364
933	0.060775261372327805	0.21407008954882661	0.16329482817649882
934	0.0596865676343441	0.2140773342549805	0.1643907666206364
935	0.0608135387301445	0.2141083669066433	0.16329482817649882
936	0.057530708611011505	0.21411335211992305	0.16658264350891155
937	0.06302675604820251	0.21412970733642617	0.16110295128822366
938	0.05974111333489418	0.21413187995553057	0.1643907666206364
939	0.05869036540389061	0.21417707046866458	0.16548670506477398
940	0.06308266520500183	0.21418561649322548	0.16110295128822366
941	0.06178200617432594	0.21398089590668717	0.16219888973236124
942	0.06073428690433502	0.21402911508083383	0.16329482817649882
943	0.06089918687939644	0.21419401505589525	0.16329482817649882
944	0.05871246010065079	0.21419916516542475	0.16548670506477398
945	0.05983942747116089	0.21423019409179728	0.1643907666206364
946	0.05984753742814064	0.21423830404877703	0.1643907666206364
947	0.05878264084458351	0.21426934590935748	0.16548670506477398
948	0.060993339866399765	0.21428816804289857	0.16329482817649882
949	0.0577162504196167	0.21429889392852824	0.16658264350891155
950	0.0599103718996048	0.21430113852024119	0.1643907666206364
951	0.06648837774991989	0.2143035137057308	0.15781513595581093
952	0.062104709446430206	0.21430359917879144	0.16219888973236124
953	0.06539348512887955	0.21430455952882804	0.1589110743999485
954	0.06649014353752136	0.21430527949333228	0.15781513595581093
955	0.06507503986358643	0.21398611426353492	0.1589110743999485
956	0.06649020314216614	0.21430533909797705	0.15781513595581093
957	0.06518004834651947	0.21409112274646797	0.1589110743999485
958	0.06539442390203476	0.21430549830198325	0.1589110743999485
959	0.05772633105516434	0.21430897456407588	0.16658264350891155
960	0.062110140919685364	0.2143090306520466	0.16219888973236124
961	0.06649449467658997	0.21430963063240088	0.15781513595581093
962	0.0588245615363121	0.21431126660108607	0.16548670506477398
963	0.06430676579475403	0.2143137786388401	0.16000701284408608
964	0.06869103759527206	0.21431429666280782	0.15562325906753577
965	0.06759516149759293	0.21431435900926626	0.15671919751167335
966	0.05992366373538971	0.2143144303560261	0.1643907666206364
967	0.06430746614933014	0.2143144789934162	0.16000701284408608
968	0.06650033593177795	0.21431547188758887	0.15781513595581093
969	0.05773492902517319	0.21431757253408473	0.16658264350891155
970	0.0632149875164032	0.21431793880462685	0.16110295128822366
971	0.06650426238775253	0.21431939834356345	0.15781513595581093
972	0.0697924792766571	0.21431979990005529	0.1545273206233982
973	0.06760070472955704	0.21431990224123038	0.15671919751167335
974	0.06102561950683594	0.21432044768333475	0.16329482817649882
975	0.06212168186903	0.21432057160139123	0.16219888973236124
976	0.06092480197548866	0.21421963015198747	0.16329482817649882
977	0.06650634109973907	0.21432147705555	0.15781513595581093
978	0.06102706119418144	0.21432188937068025	0.16329482817649882
979	0.06431617587804794	0.21432318872213402	0.16000701284408608
980	0.06431706249713898	0.21432407534122505	0.16000701284408608
981	0.05883776396512985	0.21432446902990382	0.16548670506477398
982	0.06541500240564346	0.21432607680559196	0.1589110743999485
983	0.06541500240564346	0.21432607680559196	0.1589110743999485
984	0.05993691459298134	0.21432768121361773	0.1643907666206364
985	0.06651309877634048	0.2143282347321514	0.15781513595581093
986	0.06432122737169266	0.21432824021577873	0.16000701284408608
987	0.06432276964187622	0.2143297824859623	0.16000701284408608
988	0.06432291120290756	0.21432992404699364	0.16000701284408608
989	0.061035312712192535	0.21433014088869135	0.16329482817649882
990	0.0665154829621315	0.21433061891794242	0.15781513595581093
991	0.06432425230741501	0.21433126515150108	0.16000701284408608
992	0.06870849430561066	0.21433175337314642	0.15562325906753577
993	0.06432487815618515	0.21433189100027122	0.16000701284408608
994	0.06322923302650452	0.21433218431472817	0.16110295128822366
995	0.06432520598173141	0.2143322188258175	0.16000701284408608
996	0.06311240047216415	0.2142153517603878	0.16110295128822366
997	0.061302170157432556	0.2135010598897938	0.16219888973236124
998	0.060263797640800476	0.21355862581729929	0.16329482817649882
999	0.06036778539419174	0.21366261357069055	0.16329482817649882
1000	0.06156039610505104	0.21375928583741227	0.16219888973236124

Best Loss: 0.05749449133872986

Training Times (seconds): [96.66374894100011]
