Iteration	Loss (h + target_loss)	Total Cost (f)	Cost g
1	0.5003755688667297	0.4903755688667297	0
2	0.4839519262313843	0.474452301800251	0.0005003755688667297
3	0.4727354347705841	0.46373618590831756	0.0010007511377334594
4	0.46880823373794556	0.46030936044454573	0.0015011267066001891
5	0.4647402763366699	0.45674177861213683	0.002001502275466919
6	0.4611477255821228	0.45364960342645644	0.0025018778443336486
7	0.458023339509964	0.45102559292316435	0.0030022534132003783
8	0.4551704227924347	0.4486730517745018	0.003502628982067108
9	0.45179998874664307	0.4458029932975769	0.004003004550933838
10	0.44889122247695923	0.4433946025967598	0.0045033801198005674
11	0.44643276929855347	0.44143652498722075	0.005003755688667297
12	0.4438028931617737	0.4393070244193077	0.005504131257534027
13	0.44081541895866394	0.4368199257850647	0.006004506826400757
14	0.43811798095703125	0.4346228633522987	0.006504882395267486
15	0.4357019364833832	0.4327071944475174	0.007005257964134216
16	0.43321841955184937	0.4307240530848503	0.007505633533000946
17	0.430573433637619	0.42857944273948667	0.008006009101867675
18	0.4282047152519226	0.426711099922657	0.008506384670734404
19	0.42610257863998413	0.42510933887958524	0.009006760239601133
20	0.42425692081451416	0.423764056622982	0.009507135808467862
21	0.4226570725440979	0.42266458392143247	0.01000751137733459
22	0.4208683669567108	0.4213762539029121	0.01050788694620132
23	0.4190531075000763	0.4200613700151443	0.011008262515068049
24	0.417478084564209	0.41898672264814374	0.011508638083934777
25	0.41596686840057373	0.4179758820533752	0.012009013652801506
26	0.4141417443752289	0.4166511335968971	0.012509389221668235
27	0.4125085473060608	0.41551831209659573	0.013009764790534964
28	0.41105857491493225	0.4145687152743339	0.013510140359401693
29	0.40978333353996277	0.41379384946823117	0.014010515928268422
30	0.4086742699146271	0.4131851614117622	0.01451089149713515
31	0.4077228307723999	0.41273409783840176	0.01501126706600188
32	0.4063478410243988	0.4118594836592674	0.015511642634868608
33	0.4051011800765991	0.41111319828033444	0.016012018203735337
34	0.40398070216178894	0.410493095934391	0.016512393772602066
35	0.4029800295829773	0.40999279892444607	0.017012769341468795
36	0.4020930230617523	0.4096061679720878	0.017513144910335524
37	0.4011286497116089	0.4091421701908111	0.018013520479202252
38	0.4001506268978119	0.40866452294588085	0.01851389604806898
39	0.3992822468280792	0.4082965184450149	0.01901427161693571
40	0.3985176682472229	0.4080323154330253	0.01951464718580244
41	0.3978511095046997	0.40786613225936885	0.020015022754669168
42	0.39727717638015747	0.40779257470369334	0.020515398323535897
43	0.39679065346717834	0.40780642735958095	0.021015773892402626
44	0.39616304636001587	0.4076791958212852	0.021516149461269354
45	0.3953733444213867	0.4073898694515228	0.022016525030136083
46	0.3946552872657776	0.4071721878647804	0.022516900599002812
47	0.3940049707889557	0.4070222469568252	0.02301727616786954
48	0.3934187591075897	0.40693641084432597	0.02351765173673627
49	0.39289310574531555	0.4069111330509185	0.024018027305603
50	0.392424613237381	0.4069430161118507	0.024518402874469727
51	0.3920101225376129	0.40702890098094935	0.025018778443336456
52	0.3925251364707947	0.4070435393452644	0.024518402874469727
53	0.39173033833503723	0.40674911677837366	0.025018778443336456
54	0.3899349272251129	0.4054540812373161	0.025519154012203185
55	0.3881964683532715	0.4042159979343414	0.026019529581069914
56	0.386514276266098	0.40303418141603464	0.026519905149936643
57	0.3848878741264343	0.4019081548452377	0.02702028071880337
58	0.3833164870738983	0.4008371433615684	0.0275206562876701
59	0.3817780315876007	0.3997990634441375	0.02802103185653683
60	0.3802116811275482	0.39873308855295175	0.028521407425403558
61	0.37866538763046265	0.3976871706247329	0.029021782994270287
62	0.3771973252296448	0.39671948379278177	0.029522158563137016
63	0.3758295774459839	0.3958521115779876	0.030022534132003745
64	0.37457168102264404	0.3950945907235145	0.030522909700870474
65	0.37342914938926697	0.39445243465900415	0.031023285269737202
66	0.37239542603492737	0.3939190868735313	0.03152366083860393
67	0.3714616894721985	0.3934857258796691	0.03202403640747066
68	0.37056267261505127	0.39308708459138864	0.03252441197633739
69	0.3696920871734619	0.392716874718666	0.03302478754520412
70	0.36877861618995667	0.3923037793040275	0.03352516311407085
71	0.36761215329170227	0.3916376919746398	0.034025538682937576
72	0.3665481507778168	0.39107406502962105	0.034525914251804304
73	0.36556869745254517	0.3905949872732162	0.03502628982067103
74	0.36468780040740967	0.3902144657969474	0.03552666538953776
75	0.36382806301116943	0.3898551039695739	0.03602704095840449
76	0.36299601197242737	0.38952342849969857	0.03652741652727122
77	0.3621912896633148	0.38921908175945275	0.03702779209613795
78	0.36141350865364075	0.3889416763186454	0.03752816766500468
79	0.3606622517108917	0.3886907949447631	0.038028543233871406
80	0.35993707180023193	0.38846599060297005	0.038528918802738135
81	0.3592369258403778	0.38826622021198265	0.039029294371604864
82	0.3585512042045593	0.3880808741450309	0.03952966994047159
83	0.35789069533348083	0.38792074084281913	0.04003004550933832
84	0.3572548031806946	0.3877852242588996	0.04053042107820505
85	0.35664311051368713	0.3876739071607589	0.04103079664707178
86	0.35605525970458984	0.38758643192052833	0.04153117221593851
87	0.35549071431159973	0.38752226209640495	0.04203154778480524
88	0.3549429178237915	0.38747484117746345	0.042531923353671966
89	0.3542645573616028	0.38729685628414146	0.043032298922538695
90	0.3523979187011719	0.3859305931925773	0.043532674491405424
91	0.3495104908943176	0.38354354095458976	0.04403305006027215
92	0.34858065843582153	0.3831140840649604	0.04453342562913888
93	0.3477175235748291	0.3827513247728347	0.04503380119800561
94	0.34691596031188965	0.38245013707876196	0.04553417676687234
95	0.3461015522480011	0.38213610458374014	0.04603455233573907
96	0.34527361392974854	0.3818085418343543	0.0465349279046058
97	0.3445175588130951	0.3815528622865676	0.047035303473472526
98	0.3438301384449005	0.38136581748723974	0.047535679042339254
99	0.34321004152297974	0.3812460961341857	0.04803605461120598
100	0.34262439608573914	0.3811608262658118	0.04853643018007271
101	0.342061847448349	0.3810986531972884	0.04903680574893944
102	0.3415215015411377	0.38105868285894384	0.04953718131780617
103	0.3409932851791382	0.38103084206581106	0.0500375568866729
104	0.3404872417449951	0.3810251742005347	0.05053793245553963
105	0.3400028645992279	0.38104117262363424	0.051038308024406356
106	0.34051722288131714	0.38105515533685674	0.05053793245553963
107	0.3415220379829407	0.3810592193007468	0.04953718131780617
108	0.3410044312477112	0.38104198813438406	0.0500375568866729
109	0.3405086100101471	0.3810465424656867	0.05053793245553963
110	0.3400213122367859	0.3810596202611922	0.051038308024406356
111	0.3379082977771759	0.37944698137044897	0.051538683593273085
112	0.3350299596786499	0.3770690188407897	0.052039059162139814
113	0.3342280089855194	0.37676744371652593	0.05253943473100654
114	0.3334752321243286	0.37651504242420186	0.05303981029987327
115	0.332781583070755	0.376321768939495	0.05354018586874
116	0.3321329653263092	0.3761735267639159	0.05404056143760673
117	0.33149558305740356	0.376036520063877	0.05454093700647346
118	0.3309105336666107	0.3759518462419509	0.05504131257534019
119	0.3301011919975281	0.37564288014173497	0.055541688144206916
120	0.3293435275554657	0.3753855912685393	0.056042063713073645
121	0.3286442756652832	0.37518671494722355	0.056542439281940374
122	0.32799604535102844	0.3750388602018355	0.0570428148508071
123	0.32740113139152527	0.3749443218111991	0.05754319041967383
124	0.32684943079948425	0.3748929967880248	0.05804356598854056
125	0.3263421356678009	0.37488607722520817	0.05854394155740729
126	0.32635900378227234	0.3749029453396796	0.05854394155740729
127	0.3258627951145172	0.3749071122407912	0.05904431712627402
128	0.3258751332759857	0.3749194504022597	0.05904431712627402
129	0.3258897066116333	0.3749340237379073	0.05904431712627402
130	0.3268989622592926	0.37494252824783314	0.05804356598854056
131	0.32540440559387207	0.3749490982890128	0.05954469269514075
132	0.32540616393089294	0.37495085662603367	0.05954469269514075
133	0.3264179527759552	0.37496189433336247	0.05854394155740729
134	0.3259337544441223	0.3749780715703963	0.05904431712627402
135	0.32644104957580566	0.37498499113321293	0.05854394155740729
136	0.32544103264808655	0.37498572534322727	0.05954469269514075
137	0.32544949650764465	0.3749941892027854	0.05954469269514075
138	0.32595062255859375	0.37499493968486775	0.05904431712627402
139	0.32545435428619385	0.37499904698133457	0.05954469269514075
140	0.3259577453136444	0.3750020624399184	0.05904431712627402
141	0.32495811581611633	0.3750031840801238	0.060045068264007476
142	0.32546669244766235	0.3750113851428031	0.05954469269514075
143	0.3249666094779968	0.3750116777420043	0.060045068264007476
144	0.32748132944107056	0.37502451986074437	0.05754319041967383
145	0.32548126578330994	0.37502595847845066	0.05954469269514075
146	0.32698798179626465	0.3750315477848052	0.05804356598854056
147	0.32649052143096924	0.3750344629883765	0.05854394155740729
148	0.32499030232429504	0.3750353705883025	0.060045068264007476
149	0.3269927203655243	0.37503628635406483	0.05804356598854056
150	0.3249959647655487	0.37504103302955616	0.060045068264007476
151	0.32499775290489197	0.3750428211688994	0.060045068264007476
152	0.3260095417499542	0.3750538588762282	0.05904431712627402
153	0.32501256465911865	0.3750576329231261	0.060045068264007476
154	0.32651540637016296	0.37505934792757023	0.05854394155740729
155	0.32551777362823486	0.3750624663233756	0.05954469269514075
156	0.32453054189682007	0.37507598572969425	0.060545443832874205
157	0.32503262162208557	0.375077689886093	0.060045068264007476
158	0.32504111528396606	0.3750861835479735	0.060045068264007476
159	0.32554930448532104	0.37509399718046177	0.05954469269514075
160	0.3245489299297333	0.37509437376260746	0.060545443832874205
161	0.32454970479011536	0.37509514862298954	0.060545443832874205
162	0.3245519697666168	0.375097413599491	0.060545443832874205
163	0.32455816864967346	0.37510361248254764	0.060545443832874205
164	0.326063334941864	0.375107652068138	0.05904431712627402
165	0.3250652551651001	0.37511032342910755	0.060045068264007476
166	0.32707294821739197	0.3751165142059325	0.05804356598854056
167	0.3265795409679413	0.37512348252534855	0.05854394155740729
168	0.32557928562164307	0.3751239783167838	0.05954469269514075
169	0.32458189129829407	0.37512733513116825	0.060545443832874205
170	0.3275875747203827	0.3751307651400565	0.05754319041967383
171	0.3260865807533264	0.3751308978796004	0.05904431712627402
172	0.3255961537361145	0.3751408464312552	0.05954469269514075
173	0.3250977396965027	0.37514280796051014	0.060045068264007476
174	0.325099915266037	0.37514498353004444	0.060045068264007476
175	0.3246038854122162	0.37514932924509037	0.060545443832874205
176	0.32460418343544006	0.37514962726831425	0.060545443832874205
177	0.3261070251464844	0.37515134227275837	0.05904431712627402
178	0.3251093626022339	0.37515443086624134	0.060045068264007476
179	0.3251122236251831	0.37515729188919056	0.060045068264007476
180	0.3281162679195404	0.3751590827703475	0.0570428148508071
181	0.327609658241272	0.3751528486609458	0.05754319041967383
182	0.3246152400970459	0.3751606839299201	0.060545443832874205
183	0.3271240293979645	0.375167595386505	0.05804356598854056
184	0.3241221606731415	0.3751679800748824	0.06104581940174093
185	0.3241230249404907	0.37516884434223163	0.06104581940174093
186	0.3251268267631531	0.37517189502716053	0.060045068264007476
187	0.32563120126724243	0.37517589396238316	0.05954469269514075
188	0.3241339921951294	0.3751798115968703	0.06104581940174093
189	0.3261360228061676	0.3751803399324416	0.05904431712627402
190	0.32663822174072266	0.3751821632981299	0.05854394155740729
191	0.3241404891014099	0.3751863085031508	0.06104581940174093
192	0.32464152574539185	0.375186969578266	0.060545443832874205
193	0.3246432840824127	0.3751887279152869	0.060545443832874205
194	0.32414355874061584	0.37518937814235676	0.06104581940174093
195	0.3241508901119232	0.37519670951366413	0.06104581940174093
196	0.32565492391586304	0.37519961661100376	0.05954469269514075
197	0.32565510272979736	0.3751997954249381	0.05954469269514075
198	0.3246568441390991	0.3752022879719733	0.060545443832874205
199	0.3266589343547821	0.37520287591218937	0.05854394155740729
200	0.3246781527996063	0.3752235966324805	0.060545443832874205
201	0.32418596744537354	0.37523178684711445	0.06104581940174093
202	0.3246866464614868	0.375232090294361	0.060545443832874205
203	0.3246893286705017	0.3752347725033759	0.060545443832874205
204	0.32619255781173706	0.37523687493801106	0.05904431712627402
205	0.3249104917049408	0.3744551844000815	0.05954469269514075
206	0.32423272728919983	0.3742777955532073	0.060045068264007476
207	0.32360419631004333	0.3741496401429175	0.060545443832874205
208	0.3230226933956146	0.37406851279735553	0.06104581940174093
209	0.32248634099960327	0.3740325359702109	0.06154619497060766
210	0.321988582611084	0.37403515315055835	0.06204657053947439
211	0.3215300440788269	0.374076990187168	0.06254694610834112
212	0.32205671072006226	0.3741032812595366	0.06204657053947439
213	0.3215702474117279	0.374117193520069	0.06254694610834112
214	0.3225812017917633	0.37412739676237095	0.06154619497060766
215	0.3211076259613037	0.37415494763851154	0.06304732167720785
216	0.3221106231212616	0.37415719366073596	0.06204657053947439
217	0.3216128945350647	0.3741598406434058	0.06254694610834112
218	0.32112225890159607	0.3741695805788039	0.06304732167720785
219	0.32264700531959534	0.374193200290203	0.06154619497060766
220	0.32164695858955383	0.37419390469789493	0.06254694610834112
221	0.32315006852149963	0.37419588792324054	0.06104581940174093
222	0.32115432620048523	0.37420164787769306	0.06304732167720785
223	0.32215970754623413	0.3742062780857085	0.06204657053947439
224	0.3211716115474701	0.3742189332246779	0.06304732167720785
225	0.3216809928417206	0.3742279389500617	0.06254694610834112
226	0.32119449973106384	0.37424182140827167	0.06304732167720785
227	0.322205513715744	0.3742520842552184	0.06204657053947439
228	0.32070982456207275	0.3742575218081473	0.06354769724607458
229	0.32271599769592285	0.3742621926665305	0.06154619497060766
230	0.3207225203514099	0.37427021759748447	0.06354769724607458
231	0.3232284486293793	0.3742742680311202	0.06104581940174093
232	0.32073190808296204	0.3742796053290366	0.06354769724607458
233	0.3207341432571411	0.37428184050321567	0.06354769724607458
234	0.3207465410232544	0.37429423826932895	0.06354769724607458
235	0.3212565779685974	0.37430389964580524	0.06304732167720785
236	0.3217576742172241	0.3743046203255652	0.06254694610834112
237	0.3237651586532593	0.37431060248613346	0.060545443832874205
238	0.32127124071121216	0.37431856238842	0.06304732167720785
239	0.32277432084083557	0.3743205158114432	0.06154619497060766
240	0.3217839300632477	0.3743308761715888	0.06254694610834112
241	0.3217860162258148	0.3743329623341559	0.06254694610834112
242	0.32128822803497314	0.37433554971218097	0.06304732167720785
243	0.3207922577857971	0.3743399550318717	0.06354769724607458
244	0.32079583406448364	0.3743435313105582	0.06354769724607458
245	0.32230156660079956	0.37434813714027393	0.06204657053947439
246	0.3233177959918976	0.3743636153936385	0.06104581940174093
247	0.32232239842414856	0.37436896896362293	0.06204657053947439
248	0.32082974910736084	0.3743774463534354	0.06354769724607458
249	0.3203316330909729	0.3743797059059142	0.0640480728149413
250	0.3203341066837311	0.37438217949867236	0.0640480728149413
251	0.32033416628837585	0.37438223910331714	0.0640480728149413
252	0.32234030961990356	0.37438688015937793	0.06204657053947439
253	0.32034680247306824	0.3743948752880095	0.0640480728149413
254	0.32385700941085815	0.37440245324373234	0.060545443832874205
255	0.3213563859462738	0.37440370762348163	0.06304732167720785
256	0.32035839557647705	0.37440646839141833	0.0640480728149413
257	0.32036519050598145	0.37441326332092273	0.0640480728149413
258	0.3208698630332947	0.37441756027936923	0.06354769724607458
259	0.32137468457221985	0.3744220062494277	0.06304732167720785
260	0.32037413120269775	0.37442220401763904	0.0640480728149413
261	0.32188084721565247	0.37442779332399356	0.06254694610834112
262	0.32088086009025574	0.3744285573363303	0.06354769724607458
263	0.32138192653656006	0.3744292482137679	0.06304732167720785
264	0.32088524103164673	0.3744329382777213	0.06354769724607458
265	0.3218861520290375	0.3744330981373786	0.06254694610834112
266	0.3233894407749176	0.3744352601766585	0.06104581940174093
267	0.32289019227027893	0.37443638724088657	0.06154619497060766
268	0.3213930130004883	0.3744403346776961	0.06304732167720785
269	0.3229038119316101	0.37445000690221775	0.06154619497060766
270	0.32190629839897156	0.37445324450731265	0.06254694610834112
271	0.32040730118751526	0.37445537400245654	0.0640480728149413
272	0.32041653990745544	0.37446461272239673	0.0640480728149413
273	0.3224191665649414	0.3744657371044158	0.06204657053947439
274	0.3204219341278076	0.3744700069427489	0.0640480728149413
275	0.3219258189201355	0.3744727650284766	0.06254694610834112
276	0.3244287073612213	0.37447377562522877	0.060045068264007476
277	0.32043179869651794	0.37447987151145923	0.0640480728149413
278	0.32093730568885803	0.3744850029349326	0.06354769724607458
279	0.3229420781135559	0.37448827308416355	0.06154619497060766
280	0.3209466338157654	0.37449433106183994	0.06354769724607458
281	0.3224497139453888	0.37449628448486316	0.06204657053947439
282	0.3214552104473114	0.3745025321245192	0.06304732167720785
283	0.31995588541030884	0.37450433379411685	0.06454844838380804
284	0.3214593529701233	0.3745066746473311	0.06304732167720785
285	0.3199584484100342	0.3745068967938422	0.06454844838380804
286	0.32396718859672546	0.37451263242959965	0.060545443832874205
287	0.31996530294418335	0.37451375132799136	0.06454844838380804
288	0.32047122716903687	0.37451929998397815	0.0640480728149413
289	0.32097315788269043	0.374520855128765	0.06354769724607458
290	0.31997254490852356	0.37452099329233157	0.06454844838380804
291	0.32197555899620056	0.37452250510454166	0.06254694610834112
292	0.3219764530658722	0.3745233991742133	0.06254694610834112
293	0.3224819004535675	0.3745284709930419	0.06204657053947439
294	0.3224859833717346	0.374532553911209	0.06204657053947439
295	0.32248634099960327	0.37453291153907764	0.06204657053947439
296	0.32248634099960327	0.37453291153907764	0.06204657053947439
297	0.32248634099960327	0.37453291153907764	0.06204657053947439
298	0.32248634099960327	0.37453291153907764	0.06204657053947439
299	0.32248634099960327	0.37453291153907764	0.06204657053947439
300	0.32248634099960327	0.37453291153907764	0.06204657053947439
301	0.32248634099960327	0.37453291153907764	0.06204657053947439
302	0.32248634099960327	0.37453291153907764	0.06204657053947439
303	0.32248634099960327	0.37453291153907764	0.06204657053947439
304	0.32248634099960327	0.37453291153907764	0.06204657053947439
305	0.32248634099960327	0.37453291153907764	0.06204657053947439
306	0.32248634099960327	0.37453291153907764	0.06204657053947439
307	0.32248634099960327	0.37453291153907764	0.06204657053947439
308	0.32248634099960327	0.37453291153907764	0.06204657053947439
309	0.321988582611084	0.3745355287194251	0.06254694610834112
310	0.321988582611084	0.3745355287194251	0.06254694610834112
311	0.321988582611084	0.3745355287194251	0.06254694610834112
312	0.321988582611084	0.3745355287194251	0.06254694610834112
313	0.321988582611084	0.3745355287194251	0.06254694610834112
314	0.321988582611084	0.3745355287194251	0.06254694610834112
315	0.321988582611084	0.3745355287194251	0.06254694610834112
316	0.321988582611084	0.3745355287194251	0.06254694610834112
317	0.321988582611084	0.3745355287194251	0.06254694610834112
318	0.321988582611084	0.3745355287194251	0.06254694610834112
319	0.321988582611084	0.3745355287194251	0.06254694610834112
320	0.321988582611084	0.3745355287194251	0.06254694610834112
321	0.321988582611084	0.3745355287194251	0.06254694610834112
322	0.321988582611084	0.3745355287194251	0.06254694610834112
323	0.31998950242996216	0.37453795081377017	0.06454844838380804
324	0.32299336791038513	0.37453956288099277	0.06154619497060766
325	0.3199946880340576	0.37454313641786563	0.06454844838380804
326	0.3209989666938782	0.37454666393995273	0.06354769724607458
327	0.3199984133243561	0.3745468617081641	0.06454844838380804
328	0.3215048313140869	0.37455215299129474	0.06304732167720785
329	0.3215094804763794	0.3745568021535872	0.06304732167720785
330	0.32050949335098267	0.37455756616592395	0.0640480728149413
331	0.3200095295906067	0.3745579779744147	0.06454844838380804
332	0.32101038098335266	0.3745580782294272	0.06354769724607458
333	0.3210117816925049	0.37455947893857944	0.06354769724607458
334	0.32251447439193726	0.3745610449314116	0.06204657053947439
335	0.3220156133174896	0.3745625594258307	0.06254694610834112
336	0.3200150728225708	0.3745635212063788	0.06454844838380804
337	0.32051795721054077	0.37456603002548206	0.0640480728149413
338	0.3230226933956146	0.37456888836622226	0.06154619497060766
339	0.3230226933956146	0.37456888836622226	0.06154619497060766
340	0.3230226933956146	0.37456888836622226	0.06154619497060766
341	0.3230226933956146	0.37456888836622226	0.06154619497060766
342	0.3230226933956146	0.37456888836622226	0.06154619497060766
343	0.3230226933956146	0.37456888836622226	0.06154619497060766
344	0.3230226933956146	0.37456888836622226	0.06154619497060766
345	0.3230226933956146	0.37456888836622226	0.06154619497060766
346	0.3230226933956146	0.37456888836622226	0.06154619497060766
347	0.3230226933956146	0.37456888836622226	0.06154619497060766
348	0.3230226933956146	0.37456888836622226	0.06154619497060766
349	0.3230226933956146	0.37456888836622226	0.06154619497060766
350	0.3230226933956146	0.37456888836622226	0.06154619497060766
351	0.3230226933956146	0.37456888836622226	0.06154619497060766
352	0.32002219557762146	0.3745706439614295	0.06454844838380804
353	0.3235255777835846	0.3745713971853255	0.06104581940174093
354	0.32052797079086304	0.3745760436058043	0.0640480728149413
355	0.3215298354625702	0.374577157139778	0.06304732167720785
356	0.3215300440788269	0.37457736575603473	0.06304732167720785
357	0.3215300440788269	0.37457736575603473	0.06304732167720785
358	0.3215300440788269	0.37457736575603473	0.06304732167720785
359	0.3215300440788269	0.37457736575603473	0.06304732167720785
360	0.3215300440788269	0.37457736575603473	0.06304732167720785
361	0.3215300440788269	0.37457736575603473	0.06304732167720785
362	0.3215300440788269	0.37457736575603473	0.06304732167720785
363	0.3215300440788269	0.37457736575603473	0.06304732167720785
364	0.3215300440788269	0.37457736575603473	0.06304732167720785
365	0.3215300440788269	0.37457736575603473	0.06304732167720785
366	0.3215300440788269	0.37457736575603473	0.06304732167720785
367	0.3215300440788269	0.37457736575603473	0.06304732167720785
368	0.3215300440788269	0.37457736575603473	0.06304732167720785
369	0.3215300440788269	0.37457736575603473	0.06304732167720785
370	0.3215305805206299	0.3745779021978377	0.06304732167720785
371	0.323532372713089	0.3745781921148299	0.06104581940174093
372	0.3245347738265991	0.3745798420906066	0.060045068264007476
373	0.3205323815345764	0.3745804543495177	0.0640480728149413
374	0.3230355978012085	0.37458179277181614	0.06154619497060766
375	0.32003381848335266	0.3745822668671607	0.06454844838380804
376	0.32253819704055786	0.37458476758003223	0.06204657053947439
377	0.32203954458236694	0.37458649069070804	0.06254694610834112
378	0.3215404748916626	0.3745877965688704	0.06304732167720785
379	0.3215424716472626	0.3745897933244704	0.06304732167720785
380	0.32104408740997314	0.3745917846560477	0.06354769724607458
381	0.3220458924770355	0.3745928385853766	0.06254694610834112
382	0.32152801752090454	0.37457533919811237	0.06304732167720785
383	0.31729957461357117	0.3708472718596457	0.06354769724607458
384	0.3161214590072632	0.37016953182220447	0.0640480728149413
385	0.3155149519443512	0.3700634003281592	0.06454844838380804
386	0.31487247347831726	0.369921297430992	0.06504882395267476
387	0.31410327553749084	0.3696524750590323	0.06554919952154149
388	0.3133833110332489	0.3694328861236571	0.06604957509040822
389	0.31271421909332275	0.3692641697525977	0.06654995065927495
390	0.31208857893943787	0.3691389051675795	0.06705032622814168
391	0.3115053176879883	0.36905601948499667	0.06755070179700841
392	0.310950368642807	0.3690014460086821	0.06805107736587514
393	0.3104177415370941	0.36896919447183596	0.06855145293474187
394	0.3098970949649811	0.36894892346858965	0.0690518285036086
395	0.30939731001853943	0.36894951409101473	0.06955220407247532
396	0.3099069595336914	0.3689587880373	0.0690518285036086
397	0.3094131648540497	0.368965368926525	0.06955220407247532
398	0.3094175457954407	0.368969749867916	0.06955220407247532
399	0.31041866540908813	0.36897011834383	0.06855145293474187
400	0.3089187741279602	0.36897135376930223	0.07005257964134205
401	0.30992424488067627	0.36897607338428484	0.0690518285036086
402	0.30892378091812134	0.36897636055946337	0.07005257964134205
403	0.3089490830898285	0.3690016627311705	0.07005257964134205
404	0.30845555663108826	0.369008511841297	0.07055295521020878
405	0.3109624683856964	0.3690135457515715	0.06805107736587514
406	0.3104574978351593	0.36900895076990115	0.06855145293474187
407	0.30846112966537476	0.3690140848755835	0.07055295521020878
408	0.3094663619995117	0.369018566071987	0.06955220407247532
409	0.30896657705307007	0.3690191566944121	0.07005257964134205
410	0.3089674711227417	0.36902005076408373	0.07005257964134205
411	0.30946865677833557	0.3690208608508109	0.06955220407247532
412	0.30947622656822205	0.36902843064069735	0.06955220407247532
413	0.3089824318885803	0.36903501152992235	0.07005257964134205
414	0.30998700857162476	0.36903883707523333	0.0690518285036086
415	0.3089868128299713	0.36903939247131334	0.07005257964134205
416	0.3099879324436188	0.36903976094722735	0.0690518285036086
417	0.3084879219532013	0.36904087716341005	0.07055295521020878
418	0.30848807096481323	0.369041026175022	0.07055295521020878
419	0.30999186635017395	0.3690436948537825	0.0690518285036086
420	0.3094935417175293	0.3690457457900046	0.06955220407247532
421	0.3084930181503296	0.36904597336053835	0.07055295521020878
422	0.30850112438201904	0.3690540795922278	0.07055295521020878
423	0.3080081641674042	0.36906149494647966	0.07105333077907551
424	0.31051966547966003	0.3690711184144019	0.06855145293474187
425	0.30851835012435913	0.3690713053345679	0.07055295521020878
426	0.3115219175815582	0.3690726193785666	0.06755070179700841
427	0.31097760796546936	0.3690286853313445	0.06805107736587514
428	0.31045520305633545	0.3690066559910773	0.06855145293474187
429	0.30995431542396545	0.369006143927574	0.0690518285036086
430	0.30947446823120117	0.3690266723036765	0.06955220407247532
431	0.309015154838562	0.36906773447990404	0.07005257964134205
432	0.3095235526561737	0.369075756728649	0.06955220407247532
433	0.3100244700908661	0.36907629859447466	0.0690518285036086
434	0.3080238699913025	0.369077200770378	0.07105333077907551
435	0.30802488327026367	0.36907821404933916	0.07105333077907551
436	0.31002673506736755	0.3690785635709761	0.0690518285036086
437	0.30802950263023376	0.36908283340930925	0.07105333077907551
438	0.31053173542022705	0.3690831883549689	0.06855145293474187
439	0.3080303966999054	0.3690837274789809	0.07105333077907551
440	0.30853673815727234	0.3690896933674811	0.07055295521020878
441	0.3090379238128662	0.36909050345420824	0.07005257964134205
442	0.3090437054634094	0.36909628510475145	0.07005257964134205
443	0.310546875	0.36909832793474184	0.06855145293474187
444	0.309050589799881	0.369103169441223	0.07005257964134205
445	0.3080572187900543	0.3691105495691298	0.07105333077907551
446	0.3085588812828064	0.36911183649301516	0.07055295521020878
447	0.309561163187027	0.3691133672595023	0.06955220407247532
448	0.3095643222332001	0.3691165263056754	0.06955220407247532
449	0.3080703914165497	0.36912372219562517	0.07105333077907551
450	0.3110745847225189	0.36912566208839404	0.06805107736587514
451	0.3080732226371765	0.369126553416252	0.07105333077907551
452	0.3085760474205017	0.36912900263071047	0.07055295521020878
453	0.3075774312019348	0.36913113754987703	0.07155370634794224
454	0.3075810670852661	0.36913477343320833	0.07155370634794224
455	0.30858445167541504	0.3691374068856238	0.07055295521020878
456	0.3090881407260895	0.3691407203674315	0.07005257964134205
457	0.30858832597732544	0.3691412811875342	0.07055295521020878
458	0.30808860063552856	0.36914193141460405	0.07105333077907551
459	0.31109118461608887	0.369142261981964	0.06805107736587514
460	0.3075917959213257	0.3691455022692679	0.07155370634794224
461	0.30759313702583313	0.36914684337377535	0.07155370634794224
462	0.3090980052947998	0.36915058493614183	0.07005257964134205
463	0.3075987994670868	0.369152505815029	0.07155370634794224
464	0.3086041808128357	0.36915713602304445	0.07055295521020878
465	0.30760657787323	0.3691602842211722	0.07155370634794224
466	0.3096088171005249	0.3691610211730002	0.06955220407247532
467	0.3086085915565491	0.36916154676675783	0.07055295521020878
468	0.3096097409725189	0.3691619450449942	0.06955220407247532
469	0.3081097900867462	0.3691631208658217	0.07105333077907551
470	0.30911529064178467	0.3691678702831267	0.07005257964134205
471	0.30811482667922974	0.3691681574583052	0.07105333077907551
472	0.308619886636734	0.36917284184694277	0.07055295521020878
473	0.30812811851501465	0.36918144929409014	0.07105333077907551
474	0.31213507056236267	0.3691853967905043	0.06705032622814168
475	0.3115784525871277	0.36912915438413607	0.06755070179700841
476	0.3110438287258148	0.36909490609168993	0.06805107736587514
477	0.31053081154823303	0.3690822644829749	0.06855145293474187
478	0.31003886461257935	0.3690906931161879	0.0690518285036086
479	0.3095676898956299	0.3691198939681052	0.06955220407247532
480	0.31010010838508606	0.36915193688869463	0.0690518285036086
481	0.30960822105407715	0.36916042512655245	0.06955220407247532
482	0.31061312556266785	0.3691645784974097	0.06855145293474187
483	0.3091167211532593	0.3691693007946013	0.07005257964134205
484	0.3091336488723755	0.3691862285137175	0.07005257964134205
485	0.3091369569301605	0.36918953657150255	0.07005257964134205
486	0.3076394200325012	0.36919312638044344	0.07155370634794224
487	0.3101414144039154	0.369193242907524	0.0690518285036086
488	0.3081401288509369	0.3691934596300124	0.07105333077907551
489	0.30764245986938477	0.369196166217327	0.07155370634794224
490	0.30914536118507385	0.3691979408264159	0.07005257964134205
491	0.30964624881744385	0.36919845288991915	0.06955220407247532
492	0.30814531445503235	0.36919864523410784	0.07105333077907551
493	0.3111477494239807	0.3691988267898558	0.06805107736587514
494	0.30764660239219666	0.36920030874013887	0.07155370634794224
495	0.3096485733985901	0.3692007774710654	0.06955220407247532
496	0.30715036392211914	0.3692044458389281	0.07205408191680897
497	0.3101535439491272	0.36920537245273577	0.0690518285036086
498	0.30765220522880554	0.36920591157674776	0.07155370634794224
499	0.3116578757762909	0.3692085775732993	0.06755070179700841
500	0.3081566095352173	0.3692099403142928	0.07105333077907551
501	0.3076578676700592	0.3692115740180014	0.07155370634794224
502	0.3081585764884949	0.36921190726757036	0.07105333077907551
503	0.3086596727371216	0.36921262794733034	0.07055295521020878
504	0.3071610629558563	0.36921514487266527	0.07205408191680897
505	0.3086654841899872	0.36921843940019594	0.07055295521020878
506	0.3076649010181427	0.3692186073660849	0.07155370634794224
507	0.31016865372657776	0.36922048223018633	0.0690518285036086
508	0.308669775724411	0.36922273093461977	0.07055295521020878
509	0.3091745674610138	0.3692271471023558	0.07005257964134205
510	0.30717381834983826	0.3692279002666472	0.07205408191680897
511	0.30717435479164124	0.3692284367084502	0.07205408191680897
512	0.30717581510543823	0.3692298970222472	0.07205408191680897
513	0.30767902731895447	0.3692327336668967	0.07155370634794224
514	0.30918291211128235	0.3692354917526244	0.07005257964134205
515	0.3086855709552765	0.36923852616548525	0.07055295521020878
516	0.3086860477924347	0.36923900300264345	0.07055295521020878
517	0.3081868886947632	0.36924021947383867	0.07105333077907551
518	0.30769217014312744	0.36924587649106966	0.07155370634794224
519	0.3106963634490967	0.3692478163838385	0.06855145293474187
520	0.3101712465286255	0.36922307503223406	0.0690518285036086
521	0.30887821316719055	0.36843041723966585	0.06955220407247532
522	0.3082250952720642	0.36827767491340624	0.07005257964134205
523	0.3076191246509552	0.36817207986116396	0.07055295521020878
524	0.30705001950263977	0.36810335028171526	0.07105333077907551
525	0.3065192997455597	0.3680730060935019	0.07155370634794224
526	0.3060248792171478	0.3680789611339568	0.07205408191680897
527	0.30603986978530884	0.3680939517021178	0.07205408191680897
528	0.30555617809295654	0.3681106355786322	0.0725544574856757
529	0.30655932426452637	0.3681130306124686	0.07155370634794224
530	0.30556491017341614	0.3681193676590918	0.0725544574856757
531	0.3055814206600189	0.3681358781456946	0.0725544574856757
532	0.3060896694660187	0.3681437513828276	0.07205408191680897
533	0.30510640144348145	0.36816123449802385	0.07305483305454243
534	0.30510833859443665	0.36816317164897905	0.07305483305454243
535	0.3071165084838867	0.3681698392629622	0.07105333077907551
536	0.3061193823814392	0.36817346429824815	0.07205408191680897
537	0.30562499165534973	0.3681794491410254	0.0725544574856757
538	0.3066350817680359	0.3681887881159781	0.07155370634794224
539	0.30564001202583313	0.3681944695115088	0.0725544574856757
540	0.3056406080722809	0.36819506555795656	0.0725544574856757
541	0.30514079332351685	0.36819562637805925	0.07305483305454243
542	0.30514344573020935	0.36819827878475175	0.07305483305454243
543	0.3066501319408417	0.3682038382887839	0.07155370634794224
544	0.30515629053115845	0.36821112358570085	0.07305483305454243
545	0.30615946650505066	0.3682135484218596	0.07205408191680897
546	0.3051650822162628	0.3682199152708052	0.07305483305454243
547	0.30466869473457336	0.3682239033579825	0.07355520862340915
548	0.30617424845695496	0.3682283303737639	0.07205408191680897
549	0.3046809434890747	0.36823615211248384	0.07355520862340915
550	0.3051815330982208	0.36823636615276323	0.07305483305454243
551	0.3056897819042206	0.36824423938989626	0.0725544574856757
552	0.30469202995300293	0.36824723857641206	0.07355520862340915
553	0.3047066032886505	0.36826181191205964	0.07355520862340915
554	0.3077099919319153	0.36826294714212404	0.07055295521020878
555	0.30470845103263855	0.3682636596560477	0.07355520862340915
556	0.3052116334438324	0.3682664664983748	0.07305483305454243
557	0.3072161078453064	0.3682694386243819	0.07105333077907551
558	0.3067166805267334	0.3682703868746756	0.07155370634794224
559	0.3072192370891571	0.3682725678682326	0.07105333077907551
560	0.3047254979610443	0.36828070658445344	0.07355520862340915
561	0.3057337701320648	0.3682882276177405	0.0725544574856757
562	0.3062351644039154	0.36828924632072435	0.07205408191680897
563	0.3052407205104828	0.3682955535650252	0.07305483305454243
564	0.30474090576171875	0.3682961143851279	0.07355520862340915
565	0.3067430555820465	0.3682967619299887	0.07155370634794224
566	0.30474355816841125	0.3682987667918204	0.07355520862340915
567	0.3047509789466858	0.3683061875700949	0.07355520862340915
568	0.3042513430118561	0.36830692720413194	0.07405558419227588
569	0.3042638599872589	0.36831944417953477	0.07405558419227588
570	0.3057693541049957	0.3683238115906714	0.0725544574856757
571	0.30426883697509766	0.3683244211673735	0.07405558419227588
572	0.30577439069747925	0.3683288481831549	0.0725544574856757
573	0.30427342653274536	0.3683290107250212	0.07405558419227588
574	0.3052749037742615	0.3683297368288039	0.07305483305454243
575	0.3042810559272766	0.36833664011955247	0.07405558419227588
576	0.30629032850265503	0.368344410419464	0.07205408191680897
577	0.30528995394706726	0.36834478700160966	0.07305483305454243
578	0.30429211258888245	0.3683476967811583	0.07405558419227588
579	0.3063001036643982	0.36835418558120714	0.07205408191680897
580	0.3048023581504822	0.3683575667738913	0.07355520862340915
581	0.3048062324523926	0.3683614410758017	0.07355520862340915
582	0.3073101341724396	0.36836346495151506	0.07105333077907551
583	0.3058094084262848	0.36836386591196046	0.0725544574856757
584	0.3043113052845001	0.368366889476776	0.07405558419227588
585	0.3048117756843567	0.3683669843077658	0.07355520862340915
586	0.30531296133995056	0.36836779439449296	0.07305483305454243
587	0.3068162202835083	0.3683699266314505	0.07155370634794224
588	0.30481499433517456	0.3683702029585837	0.07355520862340915
589	0.3078252077102661	0.36837816292047487	0.07055295521020878
590	0.3043256103992462	0.3683811945915221	0.07405558419227588
591	0.3043271601200104	0.36838274431228624	0.07405558419227588
592	0.30483147501945496	0.3683866836428641	0.07355520862340915
593	0.30533382296562195	0.36838865602016435	0.07305483305454243
594	0.3053397238254547	0.3683945568799971	0.07305483305454243
595	0.3063431680202484	0.36839724993705736	0.07205408191680897
596	0.3083498477935791	0.36840242743492113	0.07005257964134205
597	0.3078429102897644	0.36839586549997316	0.07055295521020878
598	0.3043510913848877	0.36840667557716356	0.07405558419227588
599	0.3038514256477356	0.3684073854088782	0.07455595976114261
600	0.3038537800312042	0.3684097397923468	0.07455595976114261
601	0.3073567748069763	0.3684101055860518	0.07105333077907551
602	0.3038559556007385	0.3684119153618811	0.07455595976114261
603	0.30585747957229614	0.3684119370579718	0.0725544574856757
604	0.30435651540756226	0.3684120995998381	0.07405558419227588
605	0.3043583929538727	0.36841397714614854	0.07405558419227588
606	0.3038639426231384	0.368419902384281	0.07455595976114261
607	0.30636656284332275	0.3684206447601317	0.07205408191680897
608	0.30686917901039124	0.36842288535833345	0.07155370634794224
609	0.30387356877326965	0.36842952853441224	0.07455595976114261
610	0.3058851361274719	0.3684395936131476	0.0725544574856757
611	0.30388548970222473	0.3684414494633673	0.07455595976114261
612	0.30689114332199097	0.3684448496699332	0.07155370634794224
613	0.30589041113853455	0.3684448686242102	0.0725544574856757
614	0.30489063262939453	0.36844584125280366	0.07355520862340915
615	0.30439087748527527	0.36844646167755113	0.07405558419227588
616	0.3038922846317291	0.3684482443928717	0.07455595976114261
617	0.3043935298919678	0.36844911408424363	0.07405558419227588
618	0.3043958246707916	0.3684514088630675	0.07405558419227588
619	0.3044024705886841	0.36845805478095994	0.07405558419227588
620	0.3049115538597107	0.3684667624831198	0.07355520862340915
621	0.3039114475250244	0.368467407286167	0.07455595976114261
622	0.3044123649597168	0.36846794915199266	0.07405558419227588
623	0.30491307377815247	0.3684682824015616	0.07355520862340915
624	0.3039187788963318	0.3684747386574744	0.07455595976114261
625	0.3054243326187134	0.3684791656732558	0.07305483305454243
626	0.3039272725582123	0.36848323231935487	0.07455595976114261
627	0.30393099784851074	0.36848695760965333	0.07455595976114261
628	0.30593782663345337	0.36849228411912904	0.0725544574856757
629	0.30744296312332153	0.368496293902397	0.07105333077907551
630	0.3039420247077942	0.3684979844689368	0.07455595976114261
631	0.3054440915584564	0.3684989246129988	0.07305483305454243
632	0.30644553899765015	0.3684996209144591	0.07205408191680897
633	0.3054460287094116	0.368500861763954	0.07305483305454243
634	0.307949960231781	0.36850291544198976	0.07055295521020878
635	0.30394795536994934	0.36850391513109193	0.07455595976114261
636	0.3034539222717285	0.36851025760173783	0.07505633533000934
637	0.3069568872451782	0.36851059359312044	0.07155370634794224
638	0.30545684695243835	0.36851168000698076	0.07305483305454243
639	0.3034560978412628	0.36851243317127214	0.07505633533000934
640	0.30545762181282043	0.36851245486736284	0.07305483305454243
641	0.3069600760936737	0.3685137824416159	0.07155370634794224
642	0.30446165800094604	0.3685172421932219	0.07405558419227588
643	0.30646535754203796	0.3685194394588469	0.07205408191680897
644	0.3064661920070648	0.36852027392387376	0.07205408191680897
645	0.30396488308906555	0.36852084285020814	0.07455595976114261
646	0.30546626448631287	0.36852109754085527	0.07305483305454243
647	0.30346789956092834	0.36852423489093766	0.07505633533000934
648	0.3049718737602234	0.3685270823836325	0.07355520862340915
649	0.3059731721878052	0.36852762967348085	0.0725544574856757
650	0.30747511982917786	0.36852845060825334	0.07105333077907551
651	0.30497562885284424	0.36853083747625337	0.07355520862340915
652	0.30847829580307007	0.3685308754444121	0.07005257964134205
653	0.30397558212280273	0.3685315418839453	0.07455595976114261
654	0.30347567796707153	0.36853201329708085	0.07505633533000934
655	0.3049837648868561	0.3685389735102652	0.07355520862340915
656	0.30348560214042664	0.36854193747043595	0.07505633533000934
657	0.304986834526062	0.36854204314947114	0.07355520862340915
658	0.30498817563056946	0.3685433842539786	0.07355520862340915
659	0.30649128556251526	0.3685453674793242	0.07205408191680897
660	0.30599310994148254	0.3685475674271582	0.0725544574856757
661	0.3034924268722534	0.36854876220226274	0.07505633533000934
662	0.3034934103488922	0.36854974567890153	0.07505633533000934
663	0.30599701404571533	0.368551471531391	0.0725544574856757
664	0.30399593710899353	0.3685518968701361	0.07455595976114261
665	0.3049967586994171	0.36855196732282625	0.07355520862340915
666	0.3055020570755005	0.3685568901300429	0.07305483305454243
667	0.3040010333061218	0.3685569930672644	0.07455595976114261
668	0.3035013675689697	0.36855770289897904	0.07505633533000934
669	0.3045031428337097	0.3685587270259856	0.07405558419227588
670	0.30550628900527954	0.36856112205982194	0.07305483305454243
671	0.3045116662979126	0.36856725049018846	0.07405558419227588
672	0.3045119047164917	0.36856748890876756	0.07405558419227588
673	0.3040125072002411	0.3685684669613837	0.07455595976114261
674	0.30351391434669495	0.36857024967670426	0.07505633533000934
675	0.30351653695106506	0.3685728722810744	0.07505633533000934
676	0.3065192997455597	0.36857338166236864	0.07205408191680897
677	0.3065192997455597	0.36857338166236864	0.07205408191680897
678	0.3065192997455597	0.36857338166236864	0.07205408191680897
679	0.3065192997455597	0.36857338166236864	0.07205408191680897
680	0.3065192997455597	0.36857338166236864	0.07205408191680897
681	0.3065192997455597	0.36857338166236864	0.07205408191680897
682	0.3065192997455597	0.36857338166236864	0.07205408191680897
683	0.3065192997455597	0.36857338166236864	0.07205408191680897
684	0.3065192997455597	0.36857338166236864	0.07205408191680897
685	0.3065192997455597	0.36857338166236864	0.07205408191680897
686	0.3065192997455597	0.36857338166236864	0.07205408191680897
687	0.3065192997455597	0.36857338166236864	0.07205408191680897
688	0.3065192997455597	0.36857338166236864	0.07205408191680897
689	0.3065192997455597	0.36857338166236864	0.07205408191680897
690	0.30601948499679565	0.36857394248247133	0.0725544574856757
691	0.3060248792171478	0.3685793367028235	0.0725544574856757
692	0.3060248792171478	0.3685793367028235	0.0725544574856757
693	0.3060248792171478	0.3685793367028235	0.0725544574856757
694	0.3060248792171478	0.3685793367028235	0.0725544574856757
695	0.3060248792171478	0.3685793367028235	0.0725544574856757
696	0.3060248792171478	0.3685793367028235	0.0725544574856757
697	0.3060248792171478	0.3685793367028235	0.0725544574856757
698	0.3060248792171478	0.3685793367028235	0.0725544574856757
699	0.3060248792171478	0.3685793367028235	0.0725544574856757
700	0.3060248792171478	0.3685793367028235	0.0725544574856757
701	0.3060248792171478	0.3685793367028235	0.0725544574856757
702	0.3060248792171478	0.3685793367028235	0.0725544574856757
703	0.3060248792171478	0.3685793367028235	0.0725544574856757
704	0.3060248792171478	0.3685793367028235	0.0725544574856757
705	0.30352354049682617	0.3685798758268355	0.07505633533000934
706	0.30652692914009094	0.3685810110568999	0.07205408191680897
707	0.30452612042427063	0.3685817046165465	0.07405558419227588
708	0.30452796816825867	0.3685835523605345	0.07405558419227588
709	0.3045284152030945	0.36858399939537034	0.07405558419227588
710	0.3070308566093445	0.3685845629572867	0.07155370634794224
711	0.304529070854187	0.3685846550464629	0.07405558419227588
712	0.3065349757671356	0.36858905768394457	0.07205408191680897
713	0.30503666400909424	0.36859187263250337	0.07355520862340915
714	0.30603986978530884	0.3685943272709845	0.0725544574856757
715	0.30603986978530884	0.3685943272709845	0.0725544574856757
716	0.30603986978530884	0.3685943272709845	0.0725544574856757
717	0.30603986978530884	0.3685943272709845	0.0725544574856757
718	0.30603986978530884	0.3685943272709845	0.0725544574856757
719	0.30603986978530884	0.3685943272709845	0.0725544574856757
720	0.30603986978530884	0.3685943272709845	0.0725544574856757
721	0.30603986978530884	0.3685943272709845	0.0725544574856757
722	0.30603986978530884	0.3685943272709845	0.0725544574856757
723	0.30603986978530884	0.3685943272709845	0.0725544574856757
724	0.30603986978530884	0.3685943272709845	0.0725544574856757
725	0.30603986978530884	0.3685943272709845	0.0725544574856757
726	0.30603986978530884	0.3685943272709845	0.0725544574856757
727	0.30603986978530884	0.3685943272709845	0.0725544574856757
728	0.30554038286209106	0.36859521591663347	0.07305483305454243
729	0.30404114723205566	0.36859710699319825	0.07455595976114261
730	0.3060440719127655	0.3685985293984412	0.0725544574856757
731	0.3050442039966583	0.36859941262006746	0.07355520862340915
732	0.30604565143585205	0.3686001089215277	0.0725544574856757
733	0.30705001950263977	0.368603725850582	0.07155370634794224
734	0.30705001950263977	0.368603725850582	0.07155370634794224
735	0.30705001950263977	0.368603725850582	0.07155370634794224
736	0.30705001950263977	0.368603725850582	0.07155370634794224
737	0.30705001950263977	0.368603725850582	0.07155370634794224
738	0.30705001950263977	0.368603725850582	0.07155370634794224
739	0.30705001950263977	0.368603725850582	0.07155370634794224
740	0.30705001950263977	0.368603725850582	0.07155370634794224
741	0.30705001950263977	0.368603725850582	0.07155370634794224
742	0.30705001950263977	0.368603725850582	0.07155370634794224
743	0.30705001950263977	0.368603725850582	0.07155370634794224
744	0.30705001950263977	0.368603725850582	0.07155370634794224
745	0.30705001950263977	0.368603725850582	0.07155370634794224
746	0.30705001950263977	0.368603725850582	0.07155370634794224
747	0.30354809761047363	0.36860443294048295	0.07505633533000934
748	0.30504974722862244	0.36860495585203157	0.07355520862340915
749	0.3070529103279114	0.3686066166758536	0.07155370634794224
750	0.3050514757633209	0.36860668438673005	0.07355520862340915
751	0.30605289340019226	0.36860735088586793	0.0725544574856757
752	0.3040524423122406	0.3686084020733832	0.07455595976114261
753	0.3040534257888794	0.368609385550022	0.07455595976114261
754	0.3035544753074646	0.3686108106374739	0.07505633533000934
755	0.30555617809295654	0.36861101114749895	0.07305483305454243
756	0.30555617809295654	0.36861101114749895	0.07305483305454243
757	0.30555617809295654	0.36861101114749895	0.07305483305454243
758	0.30555617809295654	0.36861101114749895	0.07305483305454243
759	0.30555617809295654	0.36861101114749895	0.07305483305454243
760	0.30555617809295654	0.36861101114749895	0.07305483305454243
761	0.30555617809295654	0.36861101114749895	0.07305483305454243
762	0.30555617809295654	0.36861101114749895	0.07305483305454243
763	0.30555617809295654	0.36861101114749895	0.07305483305454243
764	0.30555617809295654	0.36861101114749895	0.07305483305454243
765	0.30555617809295654	0.36861101114749895	0.07305483305454243
766	0.30555617809295654	0.36861101114749895	0.07305483305454243
767	0.30555617809295654	0.36861101114749895	0.07305483305454243
768	0.30555617809295654	0.36861101114749895	0.07305483305454243
769	0.3040553331375122	0.3686112928986548	0.07455595976114261
770	0.3045572340488434	0.36861281824111924	0.07405558419227588
771	0.30605870485305786	0.36861316233873354	0.0725544574856757
772	0.30655932426452637	0.3686134061813353	0.07205408191680897
773	0.30655932426452637	0.3686134061813353	0.07205408191680897
774	0.30655932426452637	0.3686134061813353	0.07205408191680897
775	0.30655932426452637	0.3686134061813353	0.07205408191680897
776	0.30655932426452637	0.3686134061813353	0.07205408191680897
777	0.30655932426452637	0.3686134061813353	0.07205408191680897
778	0.30655932426452637	0.3686134061813353	0.07205408191680897
779	0.30655932426452637	0.3686134061813353	0.07205408191680897
780	0.30655932426452637	0.3686134061813353	0.07205408191680897
781	0.30655932426452637	0.3686134061813353	0.07205408191680897
782	0.30655932426452637	0.3686134061813353	0.07205408191680897
783	0.30655932426452637	0.3686134061813353	0.07205408191680897
784	0.30655932426452637	0.3686134061813353	0.07205408191680897
785	0.30655932426452637	0.3686134061813353	0.07205408191680897
786	0.30356138944625854	0.36861772477626786	0.07505633533000934
787	0.3060635030269623	0.36861796051263795	0.0725544574856757
788	0.3045630156993866	0.36861859989166246	0.07405558419227588
789	0.30656561255455017	0.3686196944713591	0.07205408191680897
790	0.30556491017341614	0.36861974322795854	0.07305483305454243
791	0.30556491017341614	0.36861974322795854	0.07305483305454243
792	0.30556491017341614	0.36861974322795854	0.07305483305454243
793	0.30556491017341614	0.36861974322795854	0.07305483305454243
794	0.30556491017341614	0.36861974322795854	0.07305483305454243
795	0.30556491017341614	0.36861974322795854	0.07305483305454243
796	0.30556491017341614	0.36861974322795854	0.07305483305454243
797	0.30556491017341614	0.36861974322795854	0.07305483305454243
798	0.30556491017341614	0.36861974322795854	0.07305483305454243
799	0.30556491017341614	0.36861974322795854	0.07305483305454243
800	0.30556491017341614	0.36861974322795854	0.07305483305454243
801	0.30556491017341614	0.36861974322795854	0.07305483305454243
802	0.30556491017341614	0.36861974322795854	0.07305483305454243
803	0.30556491017341614	0.36861974322795854	0.07305483305454243
804	0.3065660893917084	0.3686201713085173	0.07205408191680897
805	0.30356499552726746	0.3686213308572768	0.07505633533000934
806	0.30456599593162537	0.3686215801239012	0.07405558419227588
807	0.3060685992240906	0.36862305670976625	0.0725544574856757
808	0.30556976795196533	0.36862460100650773	0.07305483305454243
809	0.3040686845779419	0.3686246443390845	0.07455595976114261
810	0.30306798219680786	0.3686246930956839	0.07555671089887607
811	0.3060729205608368	0.36862737804651247	0.0725544574856757
812	0.3055725693702698	0.3686274024248122	0.07305483305454243
813	0.3030758500099182	0.36863256090879426	0.07555671089887607
814	0.3050779402256012	0.36863314884901033	0.07355520862340915
815	0.3035772144794464	0.36863354980945573	0.07505633533000934
816	0.3065796494483948	0.3686337313652037	0.07205408191680897
817	0.3055814206600189	0.3686362537145613	0.07305483305454243
818	0.3055814206600189	0.3686362537145613	0.07305483305454243
819	0.3055814206600189	0.3686362537145613	0.07305483305454243
820	0.3055814206600189	0.3686362537145613	0.07305483305454243
821	0.3055814206600189	0.3686362537145613	0.07305483305454243
822	0.3055814206600189	0.3686362537145613	0.07305483305454243
823	0.3055814206600189	0.3686362537145613	0.07305483305454243
824	0.3055814206600189	0.3686362537145613	0.07305483305454243
825	0.3055814206600189	0.3686362537145613	0.07305483305454243
826	0.3055814206600189	0.3686362537145613	0.07305483305454243
827	0.3055814206600189	0.3686362537145613	0.07305483305454243
828	0.3055814206600189	0.3686362537145613	0.07305483305454243
829	0.3055814206600189	0.3686362537145613	0.07305483305454243
830	0.3055814206600189	0.3686362537145613	0.07305483305454243
831	0.3055819272994995	0.3686367603540419	0.07305483305454243
832	0.3055820167064667	0.3686368497610091	0.07305483305454243
833	0.3055867850780487	0.3686416181325911	0.07305483305454243
834	0.3045875132083893	0.36864309740066514	0.07405558419227588
835	0.30408775806427	0.3686437178254126	0.07455595976114261
836	0.30358749628067017	0.3686438316106795	0.07505633533000934
837	0.3050887882709503	0.36864399689435945	0.07355520862340915
838	0.3060896694660187	0.36864412695169435	0.0725544574856757
839	0.3060896694660187	0.36864412695169435	0.0725544574856757
840	0.3060896694660187	0.36864412695169435	0.0725544574856757
841	0.3060896694660187	0.36864412695169435	0.0725544574856757
842	0.3060896694660187	0.36864412695169435	0.0725544574856757
843	0.3060896694660187	0.36864412695169435	0.0725544574856757
844	0.3060896694660187	0.36864412695169435	0.0725544574856757
845	0.3060896694660187	0.36864412695169435	0.0725544574856757
846	0.3060896694660187	0.36864412695169435	0.0725544574856757
847	0.3060896694660187	0.36864412695169435	0.0725544574856757
848	0.3060896694660187	0.36864412695169435	0.0725544574856757
849	0.3060896694660187	0.36864412695169435	0.0725544574856757
850	0.3060896694660187	0.36864412695169435	0.0725544574856757
851	0.3060896694660187	0.36864412695169435	0.0725544574856757
852	0.3040884733200073	0.3686444330811499	0.07455595976114261
853	0.30409038066864014	0.3686463404297827	0.07455595976114261
854	0.30709293484687805	0.36864664119482027	0.07155370634794224
855	0.3055928647518158	0.3686476978063582	0.07305483305454243
856	0.3030935227870941	0.36865023368597016	0.07555671089887607
857	0.3060973286628723	0.368651786148548	0.0725544574856757
858	0.304097056388855	0.36865301614999757	0.07455595976114261
859	0.30759990215301514	0.3686532329320906	0.07105333077907551
860	0.3066008985042572	0.36865498042106615	0.07205408191680897
861	0.303099125623703	0.36865583652257905	0.07555671089887607
862	0.30560144782066345	0.36865628087520586	0.07305483305454243
863	0.30560481548309326	0.36865964853763566	0.07305483305454243
864	0.3056051433086395	0.36865997636318193	0.07305483305454243
865	0.30310389399528503	0.3686606048941611	0.07555671089887607
866	0.30660679936408997	0.3686608812808989	0.07205408191680897
867	0.30510640144348145	0.3686616100668906	0.07355520862340915
868	0.30510640144348145	0.3686616100668906	0.07355520862340915
869	0.30510640144348145	0.3686616100668906	0.07355520862340915
870	0.30510640144348145	0.3686616100668906	0.07355520862340915
871	0.30510640144348145	0.3686616100668906	0.07355520862340915
872	0.30510640144348145	0.3686616100668906	0.07355520862340915
873	0.30510640144348145	0.3686616100668906	0.07355520862340915
874	0.30510640144348145	0.3686616100668906	0.07355520862340915
875	0.30510640144348145	0.3686616100668906	0.07355520862340915
876	0.30510640144348145	0.3686616100668906	0.07355520862340915
877	0.30510640144348145	0.3686616100668906	0.07355520862340915
878	0.30510640144348145	0.3686616100668906	0.07355520862340915
879	0.30510640144348145	0.3686616100668906	0.07355520862340915
880	0.30510640144348145	0.3686616100668906	0.07355520862340915
881	0.3076087236404419	0.3686620544195174	0.07105333077907551
882	0.30310600996017456	0.3686627208590506	0.07555671089887607
883	0.3051075339317322	0.3686627425551413	0.07355520862340915
884	0.3051075339317322	0.3686627425551413	0.07355520862340915
885	0.3071092665195465	0.3686629728674887	0.07155370634794224
886	0.3046075701713562	0.36866315436363206	0.07405558419227588
887	0.30510833859443665	0.3686635472178458	0.07355520862340915
888	0.30510833859443665	0.3686635472178458	0.07355520862340915
889	0.30510833859443665	0.3686635472178458	0.07355520862340915
890	0.30510833859443665	0.3686635472178458	0.07355520862340915
891	0.30510833859443665	0.3686635472178458	0.07355520862340915
892	0.30510833859443665	0.3686635472178458	0.07355520862340915
893	0.30510833859443665	0.3686635472178458	0.07355520862340915
894	0.30510833859443665	0.3686635472178458	0.07355520862340915
895	0.30510833859443665	0.3686635472178458	0.07355520862340915
896	0.30510833859443665	0.3686635472178458	0.07355520862340915
897	0.30510833859443665	0.3686635472178458	0.07355520862340915
898	0.30510833859443665	0.3686635472178458	0.07355520862340915
899	0.30510833859443665	0.3686635472178458	0.07355520862340915
900	0.30510833859443665	0.3686635472178458	0.07355520862340915
901	0.30611082911491394	0.3686652866005896	0.0725544574856757
902	0.305110901594162	0.3686661102175711	0.07355520862340915
903	0.3056125342845917	0.3686673673391341	0.07305483305454243
904	0.3061138689517975	0.36866832643747316	0.0725544574856757
905	0.30711641907691956	0.36867012542486177	0.07155370634794224
906	0.3071165084838867	0.36867021483182894	0.07155370634794224
907	0.3071165084838867	0.36867021483182894	0.07155370634794224
908	0.3071165084838867	0.36867021483182894	0.07155370634794224
909	0.3071165084838867	0.36867021483182894	0.07155370634794224
910	0.3071165084838867	0.36867021483182894	0.07155370634794224
911	0.3071165084838867	0.36867021483182894	0.07155370634794224
912	0.3071165084838867	0.36867021483182894	0.07155370634794224
913	0.3071165084838867	0.36867021483182894	0.07155370634794224
914	0.3071165084838867	0.36867021483182894	0.07155370634794224
915	0.3071165084838867	0.36867021483182894	0.07155370634794224
916	0.3071165084838867	0.36867021483182894	0.07155370634794224
917	0.3071165084838867	0.36867021483182894	0.07155370634794224
918	0.3071165084838867	0.36867021483182894	0.07155370634794224
919	0.3071165084838867	0.36867021483182894	0.07155370634794224
920	0.30311429500579834	0.3686710059046744	0.07555671089887607
921	0.30411532521247864	0.3686712849736212	0.07455595976114261
922	0.3036157488822937	0.368672084212303	0.07505633533000934
923	0.3076191246509552	0.3686724554300307	0.07105333077907551
924	0.3076191246509552	0.3686724554300307	0.07105333077907551
925	0.3076191246509552	0.3686724554300307	0.07105333077907551
926	0.3076191246509552	0.3686724554300307	0.07105333077907551
927	0.3076191246509552	0.3686724554300307	0.07105333077907551
928	0.3076191246509552	0.3686724554300307	0.07105333077907551
929	0.3076191246509552	0.3686724554300307	0.07105333077907551
930	0.3076191246509552	0.3686724554300307	0.07105333077907551
931	0.3076191246509552	0.3686724554300307	0.07105333077907551
932	0.3076191246509552	0.3686724554300307	0.07105333077907551
933	0.3076191246509552	0.3686724554300307	0.07105333077907551
934	0.3076191246509552	0.3686724554300307	0.07105333077907551
935	0.3076191246509552	0.3686724554300307	0.07105333077907551
936	0.3076191246509552	0.3686724554300307	0.07105333077907551
937	0.3031165599822998	0.36867327088117585	0.07555671089887607
938	0.30311667919158936	0.3686733900904654	0.07555671089887607
939	0.3061193823814392	0.3686738398671149	0.0725544574856757
940	0.3061193823814392	0.3686738398671149	0.0725544574856757
941	0.3061193823814392	0.3686738398671149	0.0725544574856757
942	0.3061193823814392	0.3686738398671149	0.0725544574856757
943	0.3061193823814392	0.3686738398671149	0.0725544574856757
944	0.3061193823814392	0.3686738398671149	0.0725544574856757
945	0.3061193823814392	0.3686738398671149	0.0725544574856757
946	0.3061193823814392	0.3686738398671149	0.0725544574856757
947	0.3061193823814392	0.3686738398671149	0.0725544574856757
948	0.3061193823814392	0.3686738398671149	0.0725544574856757
949	0.3061193823814392	0.3686738398671149	0.0725544574856757
950	0.3061193823814392	0.3686738398671149	0.0725544574856757
951	0.3061193823814392	0.3686738398671149	0.0725544574856757
952	0.3061193823814392	0.3686738398671149	0.0725544574856757
953	0.30561956763267517	0.3686744006872176	0.07305483305454243
954	0.30662134289741516	0.3686754248142241	0.07205408191680897
955	0.3046201169490814	0.3686757011413573	0.07405558419227588
956	0.3051212430000305	0.36867645162343965	0.07355520862340915
957	0.30462104082107544	0.3686766250133513	0.07405558419227588
958	0.3071236312389374	0.3686773375868796	0.07155370634794224
959	0.30562499165534973	0.36867982470989213	0.07305483305454243
960	0.30562499165534973	0.36867982470989213	0.07305483305454243
961	0.30562499165534973	0.36867982470989213	0.07305483305454243
962	0.30562499165534973	0.36867982470989213	0.07305483305454243
963	0.30562499165534973	0.36867982470989213	0.07305483305454243
964	0.30562499165534973	0.36867982470989213	0.07305483305454243
965	0.30562499165534973	0.36867982470989213	0.07305483305454243
966	0.30562499165534973	0.36867982470989213	0.07305483305454243
967	0.30562499165534973	0.36867982470989213	0.07305483305454243
968	0.30562499165534973	0.36867982470989213	0.07305483305454243
969	0.30562499165534973	0.36867982470989213	0.07305483305454243
970	0.30562499165534973	0.36867982470989213	0.07305483305454243
971	0.30562499165534973	0.36867982470989213	0.07305483305454243
972	0.30562499165534973	0.36867982470989213	0.07305483305454243
973	0.3081282675266266	0.36868122273683535	0.07055295521020878
974	0.30612713098526	0.3686815884709357	0.0725544574856757
975	0.3066287636756897	0.36868284559249864	0.07205408191680897
976	0.3056286871433258	0.3686835201978682	0.07305483305454243
977	0.3036279082298279	0.3686842435598372	0.07505633533000934
978	0.30462872982025146	0.3686843140125273	0.07405558419227588
979	0.3041291832923889	0.3686851430535315	0.07455595976114261
980	0.3076327443122864	0.36868607509136186	0.07105333077907551
981	0.30563148856163025	0.36868632161617265	0.07305483305454243
982	0.3051339387893677	0.3686891474127768	0.07355520862340915
983	0.3066350817680359	0.36868916368484483	0.07205408191680897
984	0.3066350817680359	0.36868916368484483	0.07205408191680897
985	0.3066350817680359	0.36868916368484483	0.07205408191680897
986	0.3066350817680359	0.36868916368484483	0.07205408191680897
987	0.3066350817680359	0.36868916368484483	0.07205408191680897
988	0.3066350817680359	0.36868916368484483	0.07205408191680897
989	0.3066350817680359	0.36868916368484483	0.07205408191680897
990	0.3066350817680359	0.36868916368484483	0.07205408191680897
991	0.3066350817680359	0.36868916368484483	0.07205408191680897
992	0.3066350817680359	0.36868916368484483	0.07205408191680897
993	0.3066350817680359	0.36868916368484483	0.07205408191680897
994	0.3066350817680359	0.36868916368484483	0.07205408191680897
995	0.3066350817680359	0.36868916368484483	0.07205408191680897
996	0.3066350817680359	0.36868916368484483	0.07205408191680897
997	0.3031355142593384	0.3686922251582144	0.07555671089887607
998	0.3051379323005676	0.36869314092397676	0.07355520862340915
999	0.3041377067565918	0.3686936665177344	0.07455595976114261
1000	0.30564001202583313	0.36869484508037553	0.07305483305454243

Best Loss: 0.30306798219680786

Training Times (seconds): [99.82013718200005]
